1732722776352 0.63489 0
1732722782026 0.6319 1
1732722787661 0.61618 2
1732722792620 0.61586 3
1732722796975 0.63771 4
1732722801365 0.63825 5
1732722805866 0.64255 6
1732722810188 0.61257 7
1732722814673 0.59503 8
1732722820148 0.59503 9
1732722826108 0.61995 10
1732722830641 0.62083 11
1732722834427 0.62082 12
1732722838242 0.62731 13
1732722842897 0.62731 14
1732722846677 0.62676 15
1732722850549 0.6263 16
1732722854903 0.6263 17
1732722859310 0.61119 18
1732722862733 0.61119 19
1732722866387 0.61435 20
1732722870385 0.61435 21
1732722874294 0.61925 22
1732722879723 0.61925 23
1732722884730 0.61104 24
1732722888245 0.61104 25
1732722891845 0.61336 26
1732722895483 0.61336 27
1732722899448 0.61078 28
1732722903630 0.61078 29
1732722907705 0.60885 30
1732722911594 0.60885 31
1732722915168 0.60726 32
1732722918626 0.60726 33
1732722922956 0.59108 34
1732722926447 0.59108 35
1732722929910 0.58344 36
1732722933664 0.58344 37
1732722938871 0.56169 38
1732722942466 0.56169 39
1732722946652 0.48784 40
1732722950440 0.48784 41
1732722954107 0.47284 42
1732722957647 0.47284 43
1732722962411 0.44744 44
1732722966876 0.44744 45
1732722971590 0.43911 46
1732722978158 0.43911 47
1732722984035 0.41453 48
1732722989076 0.41453 49
1732722993538 0.40616 50
1732722998175 0.40616 51
1732723002752 0.40616 52
1732723007291 0.40847 53
1732723012105 0.40847 54
1732723016424 0.40847 55
1732723021470 0.40874 56
1732723025608 0.40874 57
1732723030997 0.40874 58
1732723035422 0.39018 59
1732723040226 0.39018 60
1732723044664 0.39018 61
1732723049469 0.37483 62
1732723054027 0.37483 63
1732723058600 0.37483 64
1732723063289 0.38865 65
1732723068149 0.38865 66
1732723072965 0.38865 67
1732723077329 0.29658 68
1732723082210 0.29658 69
1732723086873 0.29658 70
1732723092392 0.27123 71
1732723096754 0.27123 72
1732723101687 0.27123 73
1732723106303 0.28823 74
1732723111408 0.28823 75
1732723115961 0.28823 76
1732723121010 0.27815 77
1732723125279 0.27815 78
1732723129870 0.27815 79
1732723134487 0.25898 80
1732723138886 0.25898 81
1732723143648 0.25898 82
1732723148002 0.26756 83
1732723152952 0.26756 84
1732723157077 0.26756 85
1732723161931 0.26756 86
1732723166315 0.27855 87
1732723171049 0.27855 88
1732723175483 0.27855 89
1732723179924 0.27855 90
1732723184801 0.28759 91
1732723189593 0.28759 92
1732723194249 0.28759 93
1732723198677 0.28759 94
1732723203610 0.30696 95
1732723207671 0.30696 96
1732723212658 0.30696 97
1732723216901 0.30696 98
1732723221773 0.3511 99
1732723230104 0.6429675116991773 99
