1732722776352 0.87817 0
1732722782026 0.8488 1
1732722787661 0.85083 2
1732722792620 0.84952 3
1732722796975 0.85526 4
1732722801365 0.8936 5
1732722805866 0.89406 6
1732722810188 0.85911 7
1732722814673 0.81827 8
1732722820148 0.81418 9
1732722826108 0.85595 10
1732722830641 0.85561 11
1732722834427 0.85501 12
1732722838242 0.88803 13
1732722842897 0.88802 14
1732722846677 0.87512 15
1732722850549 0.87291 16
1732722854903 0.87291 17
1732722859310 0.86227 18
1732722862733 0.86227 19
1732722866387 0.85531 20
1732722870385 0.85531 21
1732722874294 0.85529 22
1732722879723 0.85529 23
1732722884730 0.85534 24
1732722888245 0.85534 25
1732722891845 0.85545 26
1732722895483 0.85545 27
1732722899448 0.85543 28
1732722903630 0.85543 29
1732722907705 0.85203 30
1732722911594 0.85203 31
1732722915168 0.85231 32
1732722918626 0.85231 33
1732722922956 0.85257 34
1732722926447 0.85257 35
1732722929910 0.85235 36
1732722933664 0.85235 37
1732722938871 0.85226 38
1732722942466 0.85226 39
1732722946652 0.76907 40
1732722950440 0.76907 41
1732722954107 0.76243 42
1732722957647 0.76243 43
1732722962411 0.73496 44
1732722966876 0.73496 45
1732722971590 0.73238 46
1732722978158 0.73238 47
1732722984035 0.70753 48
1732722989076 0.70753 49
1732722993538 0.69868 50
1732722998175 0.69868 51
1732723002752 0.69868 52
1732723007291 0.69624 53
1732723012105 0.69624 54
1732723016424 0.69624 55
1732723021470 0.69609 56
1732723025608 0.69609 57
1732723030997 0.69609 58
1732723035422 0.67963 59
1732723040226 0.67963 60
1732723044664 0.67963 61
1732723049469 0.68057 62
1732723054027 0.68057 63
1732723058600 0.68057 64
1732723063289 0.67904 65
1732723068149 0.67904 66
1732723072965 0.67904 67
1732723077329 0.56994 68
1732723082210 0.56994 69
1732723086873 0.56994 70
1732723092392 0.53888 71
1732723096754 0.53888 72
1732723101687 0.53888 73
1732723106303 0.53693 74
1732723111408 0.53693 75
1732723115961 0.53693 76
1732723121010 0.5438 77
1732723125279 0.5438 78
1732723129870 0.5438 79
1732723134487 0.53393 80
1732723138886 0.53393 81
1732723143648 0.53393 82
1732723148002 0.53445 83
1732723152952 0.53445 84
1732723157077 0.53445 85
1732723161931 0.53445 86
1732723166315 0.52405 87
1732723171049 0.52405 88
1732723175483 0.52405 89
1732723179924 0.52405 90
1732723184801 0.53406 91
1732723189593 0.53406 92
1732723194249 0.53406 93
1732723198677 0.53406 94
1732723203610 0.55827 95
1732723207671 0.55827 96
1732723212658 0.55827 97
1732723216901 0.55827 98
1732723221773 0.60862 99
1732723230104 0.8940567765567766 99
