1732722776352 0.57454 0
1732722782026 0.56575 1
1732722787661 0.55956 2
1732722792620 0.56026 3
1732722796975 0.56732 4
1732722801365 0.54414 5
1732722805866 0.53943 6
1732722810188 0.55028 7
1732722814673 0.56882 8
1732722820148 0.57994 9
1732722826108 0.5906 10
1732722830641 0.58559 11
1732722834427 0.5904 12
1732722838242 0.59767 13
1732722842897 0.60689 14
1732722846677 0.61014 15
1732722850549 0.62054 16
1732722854903 0.62054 17
1732722859310 0.77382 18
1732722862733 0.77382 19
1732722866387 0.7701 20
1732722870385 0.7701 21
1732722874294 0.74442 22
1732722879723 0.74442 23
1732722884730 0.7112 24
1732722888245 0.7112 25
1732722891845 0.7037 26
1732722895483 0.7037 27
1732722899448 0.70025 28
1732722903630 0.70025 29
1732722907705 0.68806 30
1732722911594 0.68806 31
1732722915168 0.67028 32
1732722918626 0.67028 33
1732722922956 0.66251 34
1732722926447 0.66251 35
1732722929910 0.64261 36
1732722933664 0.64261 37
1732722938871 0.67696 38
1732722942466 0.67696 39
1732722946652 0.68067 40
1732722950440 0.68067 41
1732722954107 0.65801 42
1732722957647 0.65801 43
1732722962411 0.6836 44
1732722966876 0.6836 45
1732722971590 0.73245 46
1732722978158 0.73245 47
1732722984035 0.69146 48
1732722989076 0.69146 49
1732722993538 0.65767 50
1732722998175 0.65767 51
1732723002752 0.65767 52
1732723007291 0.67562 53
1732723012105 0.67562 54
1732723016424 0.67562 55
1732723021470 0.73113 56
1732723025608 0.73113 57
1732723030997 0.73113 58
1732723035422 0.73498 59
1732723040226 0.73498 60
1732723044664 0.73498 61
1732723049469 0.84126 62
1732723054027 0.84126 63
1732723058600 0.84126 64
1732723063289 0.85166 65
1732723068149 0.85166 66
1732723072965 0.85166 67
1732723077329 0.84685 68
1732723082210 0.84685 69
1732723086873 0.84685 70
1732723092392 0.84801 71
1732723096754 0.84801 72
1732723101687 0.84801 73
1732723106303 0.84334 74
1732723111408 0.84334 75
1732723115961 0.84334 76
1732723121010 0.83958 77
1732723125279 0.83958 78
1732723129870 0.83958 79
1732723134487 0.84129 80
1732723138886 0.84129 81
1732723143648 0.84129 82
1732723148002 0.84552 83
1732723152952 0.84552 84
1732723157077 0.84552 85
1732723161931 0.84552 86
1732723166315 0.84524 87
1732723171049 0.84524 88
1732723175483 0.84524 89
1732723179924 0.84524 90
1732723184801 0.83572 91
1732723189593 0.83572 92
1732723194249 0.83572 93
1732723198677 0.83572 94
1732723203610 0.84147 95
1732723207671 0.84147 96
1732723212658 0.84147 97
1732723216901 0.84147 98
1732723221773 0.8262 99
1732723230104 0.5406962563978387 99
