1732722776352 0.85 0
1732722782026 0.85 1
1732722787661 0.85 2
1732722792620 0.85 3
1732722796975 0.85 4
1732722801365 0.85 5
1732722805866 0.85172 6
1732722810188 0.85949 7
1732722814673 0.86386 8
1732722820148 0.86406 9
1732722826108 0.86371 10
1732722830641 0.86401 11
1732722834427 0.86667 12
1732722838242 0.86667 13
1732722842897 0.86667 14
1732722846677 0.86667 15
1732722850549 0.7 16
1732722854903 0.7 17
1732722859310 0.65 18
1732722862733 0.65 19
1732722866387 0.65 20
1732722870385 0.65 21
1732722874294 0.65 22
1732722879723 0.65 23
1732722884730 0.65762 24
1732722888245 0.65762 25
1732722891845 0.66921 26
1732722895483 0.66921 27
1732722899448 0.67263 28
1732722903630 0.67263 29
1732722907705 0.66667 30
1732722911594 0.66667 31
1732722915168 0.69047 32
1732722918626 0.69047 33
1732722922956 0.7 34
1732722926447 0.7 35
1732722929910 0.7 36
1732722933664 0.7 37
1732722938871 0.69078 38
1732722942466 0.69078 39
1732722946652 0.66897 40
1732722950440 0.66897 41
1732722954107 0.65 42
1732722957647 0.65 43
1732722962411 0.65 44
1732722966876 0.65 45
1732722971590 0.65 46
1732722978158 0.65 47
1732722984035 0.65 48
1732722989076 0.65 49
1732722993538 0.67126 50
1732722998175 0.67126 51
1732723002752 0.67126 52
1732723007291 0.67101 53
1732723012105 0.67101 54
1732723016424 0.67101 55
1732723021470 0.5 56
1732723025608 0.5 57
1732723030997 0.5 58
1732723035422 0.5 59
1732723040226 0.5 60
1732723044664 0.5 61
1732723049469 0.48765 62
1732723054027 0.48765 63
1732723058600 0.48765 64
1732723063289 0.47339 65
1732723068149 0.47339 66
1732723072965 0.47339 67
1732723077329 0.47132 68
1732723082210 0.47132 69
1732723086873 0.47132 70
1732723092392 0.46486 71
1732723096754 0.46486 72
1732723101687 0.46486 73
1732723106303 0.47057 74
1732723111408 0.47057 75
1732723115961 0.47057 76
1732723121010 0.46084 77
1732723125279 0.46084 78
1732723129870 0.46084 79
1732723134487 0.45097 80
1732723138886 0.45097 81
1732723143648 0.45097 82
1732723148002 0.47806 83
1732723152952 0.47806 84
1732723157077 0.47806 85
1732723161931 0.47806 86
1732723166315 0.4773 87
1732723171049 0.4773 88
1732723175483 0.4773 89
1732723179924 0.4773 90
1732723184801 0.4862 91
1732723189593 0.4862 92
1732723194249 0.4862 93
1732723198677 0.4862 94
1732723203610 0.46991 95
1732723207671 0.46991 96
1732723212658 0.46991 97
1732723216901 0.46991 98
1732723221773 0.46667 99
1732723230104 0.8517118399226139 99
