1732803977949 1.33456 0
1732803983286 1.20404 1
1732803988478 1.16003 2
1732803993744 1.27732 3
1732803998669 1.37197 4
1732804003791 1.56155 5
1732804008750 1.13979 6
1732804013647 1.37521 7
1732804018962 1.11606 8
1732804024160 1.18718 9
1732804029172 1.20778 10
1732804034518 0.99169 11
1732804039756 0.87069 12
1732804044663 1.08371 13
1732804049779 0.92895 14
1732804055092 1.2228 15
1732804060039 0.84422 16
1732804065224 1.15555 17
1732804069075 0.97781 18
1732804072663 0.89621 19
1732804076412 1.29017 20
1732804080532 1.08401 21
1732804084531 1.05957 22
1732804088722 1.12309 23
1732804092780 0.83384 24
1732804096780 1.15577 25
1732804101274 0.9166 26
1732804106175 0.80305 27
1732804111090 0.99784 28
1732804116062 1.26557 29
1732804120916 0.97673 30
1732804125812 0.81117 31
1732804130090 0.78883 32
1732804133789 1.05625 33
1732804137900 0.88838 34
1732804141536 0.96604 35
1732804145111 0.78315 36
1732804150030 0.45923 37
1732804155443 0.63582 38
1732804160356 0.79593 39
1732804165564 0.76261 40
1732804170587 0.88382 41
1732804175574 0.84624 42
1732804181015 1.07346 43
1732804185880 0.61346 44
1732804190808 0.82328 45
1732804196006 0.87779 46
1732804200733 0.78713 47
1732804205959 0.67003 48
1732804211077 0.79521 49
1732804216202 0.85479 50
1732804221230 0.98553 51
1732804226082 0.64616 52
1732804231194 0.78855 53
1732804236039 0.80857 54
1732804241122 1.12816 55
1732804246257 0.9352 56
1732804251248 0.86872 57
1732804256572 0.78677 58
1732804261684 0.99235 59
1732804266695 0.63315 60
1732804271717 0.70584 61
1732804276858 0.76252 62
1732804281944 0.62877 63
1732804286912 0.66944 64
1732804291864 0.6862 65
1732804297006 0.74023 66
1732804302238 1.05803 67
1732804307624 0.62887 68
1732804312454 0.98563 69
1732804317455 0.95079 70
1732804322550 0.59616 71
1732804327419 0.68698 72
1732804333147 0.72758 73
1732804338110 0.72619 74
1732804343267 0.63475 75
1732804348306 0.67727 76
1732804353469 0.87479 77
1732804358322 0.6091 78
1732804363147 0.68747 79
1732804368312 0.51694 80
1732804373230 0.81228 81
1732804378339 0.78317 82
1732804383620 0.77956 83
1732804388594 0.5872 84
1732804394241 0.7426 85
1732804399083 0.75766 86
1732804404251 0.80258 87
1732804409098 0.95501 88
1732804414058 0.69729 89
1732804418825 0.47151 90
1732804424407 0.71061 91
1732804429792 0.47232 92
1732804435007 0.54119 93
1732804439876 0.44884 94
1732804445147 0.4366 95
1732804450115 0.68854 96
1732804455226 0.52387 97
1732804460722 0.47672 98
1732804465773 0.56149 99
