1732803977949 2.86811 0
1732803983286 2.6936 1
1732803988478 3.63313 2
1732803993744 2.74016 3
1732803998669 3.08498 4
1732804003791 4.11386 5
1732804008750 1.91273 6
1732804013647 4.01787 7
1732804018962 2.70353 8
1732804024160 3.44766 9
1732804029172 2.46949 10
1732804034518 2.00664 11
1732804039756 2.23883 12
1732804044663 2.18934 13
1732804049779 1.64881 14
1732804055092 2.47952 15
1732804060039 1.78453 16
1732804065224 1.55014 17
1732804069075 1.90479 18
1732804072663 1.53556 19
1732804076412 2.49483 20
1732804080532 2.3397 21
1732804084531 1.82227 22
1732804088722 2.21234 23
1732804092780 1.46826 24
1732804096780 1.86056 25
1732804101274 1.66928 26
1732804106175 1.24238 27
1732804111090 1.52766 28
1732804116062 2.34451 29
1732804120916 1.43246 30
1732804125812 1.26 31
1732804130090 1.31384 32
1732804133789 1.25031 33
1732804137900 2.16554 34
1732804141536 1.48369 35
1732804145111 1.12096 36
1732804150030 0.70837 37
1732804155443 0.9415 38
1732804160356 0.83709 39
1732804165564 0.92772 40
1732804170587 1.8893 41
1732804175574 1.22227 42
1732804181015 0.98589 43
1732804185880 0.92012 44
1732804190808 1.00493 45
1732804196006 1.47069 46
1732804200733 1.62784 47
1732804205959 0.71643 48
1732804211077 0.80918 49
1732804216202 0.83102 50
1732804221230 0.98867 51
1732804226082 0.69594 52
1732804231194 0.91788 53
1732804236039 0.94711 54
1732804241122 1.46641 55
1732804246257 1.4868 56
1732804251248 1.46681 57
1732804256572 0.82325 58
1732804261684 0.78208 59
1732804266695 0.68515 60
1732804271717 0.89728 61
1732804276858 0.82398 62
1732804281944 0.65367 63
1732804286912 0.69963 64
1732804291864 0.91738 65
1732804297006 1.12606 66
1732804302238 1.81891 67
1732804307624 1.08349 68
1732804312454 0.88495 69
1732804317455 1.31682 70
1732804322550 0.64272 71
1732804327419 0.90321 72
1732804333147 0.59121 73
1732804338110 0.55226 74
1732804343267 0.72972 75
1732804348306 0.65459 76
1732804353469 1.0006 77
1732804358322 0.81841 78
1732804363147 0.735 79
1732804368312 0.50397 80
1732804373230 0.68222 81
1732804378339 0.81852 82
1732804383620 0.57413 83
1732804388594 0.73305 84
1732804394241 0.65819 85
1732804399083 0.78311 86
1732804404251 0.89411 87
1732804409098 0.99591 88
1732804414058 0.61827 89
1732804418825 0.53012 90
1732804424407 0.70582 91
1732804429792 0.45825 92
1732804435007 0.44528 93
1732804439876 0.45535 94
1732804445147 0.50982 95
1732804450115 0.61738 96
1732804455226 0.49108 97
1732804460722 0.47476 98
1732804465773 0.5054 99
