1732803977949 1.64246 0
1732803983286 1.511 1
1732803988478 1.57307 2
1732803993744 1.38869 3
1732803998669 1.72642 4
1732804003791 1.96474 5
1732804008750 1.4195 6
1732804013647 1.6139 7
1732804018962 1.41075 8
1732804024160 1.59581 9
1732804029172 1.45298 10
1732804034518 1.36622 11
1732804039756 1.1318 12
1732804044663 1.48417 13
1732804049779 1.12293 14
1732804055092 1.6233 15
1732804060039 1.19123 16
1732804065224 1.36001 17
1732804069075 1.13526 18
1732804072663 1.2105 19
1732804076412 1.71275 20
1732804080532 1.51972 21
1732804084531 1.4726 22
1732804088722 1.53769 23
1732804092780 1.2101 24
1732804096780 1.45051 25
1732804101274 1.3966 26
1732804106175 1.14179 27
1732804111090 1.27209 28
1732804116062 1.59837 29
1732804120916 1.29241 30
1732804125812 1.21259 31
1732804130090 1.35178 32
1732804133789 1.30957 33
1732804137900 1.30414 34
1732804141536 1.2026 35
1732804145111 1.17371 36
1732804150030 0.96955 37
1732804155443 1.01574 38
1732804160356 1.16365 39
1732804165564 1.06553 40
1732804170587 1.28001 41
1732804175574 1.22741 42
1732804181015 1.44877 43
1732804185880 0.99465 44
1732804190808 1.26607 45
1732804196006 1.35559 46
1732804200733 1.1731 47
1732804205959 1.24323 48
1732804211077 1.29347 49
1732804216202 1.15356 50
1732804221230 1.35144 51
1732804226082 1.17573 52
1732804231194 1.23292 53
1732804236039 1.12635 54
1732804241122 1.59942 55
1732804246257 1.36998 56
1732804251248 1.27025 57
1732804256572 1.15611 58
1732804261684 1.54142 59
1732804266695 1.06273 60
1732804271717 1.04823 61
1732804276858 1.14792 62
1732804281944 1.06711 63
1732804286912 1.22233 64
1732804291864 1.08154 65
1732804297006 1.10817 66
1732804302238 1.42028 67
1732804307624 1.11959 68
1732804312454 1.43063 69
1732804317455 1.31557 70
1732804322550 1.07837 71
1732804327419 1.04612 72
1732804333147 1.20659 73
1732804338110 1.13606 74
1732804343267 1.12732 75
1732804348306 1.11176 76
1732804353469 1.187 77
1732804358322 1.10648 78
1732804363147 1.15092 79
1732804368312 0.97355 80
1732804373230 1.14426 81
1732804378339 1.21089 82
1732804383620 1.19658 83
1732804388594 1.12086 84
1732804394241 1.10004 85
1732804399083 1.05607 86
1732804404251 1.38714 87
1732804409098 1.45999 88
1732804414058 1.04427 89
1732804418825 0.89237 90
1732804424407 0.99519 91
1732804429792 0.97957 92
1732804435007 0.88297 93
1732804439876 0.90206 94
1732804445147 0.96011 95
1732804450115 1.04137 96
1732804455226 0.91188 97
1732804460722 0.91131 98
1732804465773 0.99716 99
