1732803979601 0.63489 0
1732803984849 0.6319 1
1732803990040 0.61618 2
1732803995299 0.61586 3
1732804000246 0.63771 4
1732804005359 0.63825 5
1732804010327 0.64255 6
1732804015515 0.61257 7
1732804020629 0.59503 8
1732804025696 0.59503 9
1732804030755 0.61995 10
1732804036060 0.62083 11
1732804041287 0.62082 12
1732804046209 0.62731 13
1732804051320 0.62731 14
1732804056643 0.62676 15
1732804061876 0.6263 16
1732804066508 0.6263 17
1732804070234 0.61119 18
1732804073829 0.61119 19
1732804077846 0.61435 20
1732804081847 0.61435 21
1732804085826 0.61925 22
1732804089862 0.61925 23
1732804094126 0.61104 24
1732804098008 0.61104 25
1732804102922 0.61336 26
1732804107776 0.61336 27
1732804112599 0.61078 28
1732804117706 0.61078 29
1732804122387 0.60885 30
1732804127510 0.60885 31
1732804131281 0.60726 32
1732804135270 0.60726 33
1732804139037 0.59108 34
1732804142682 0.59108 35
1732804146442 0.58344 36
1732804151603 0.58344 37
1732804157042 0.56169 38
1732804162227 0.56169 39
1732804167372 0.48784 40
1732804172168 0.48784 41
1732804177228 0.47284 42
1732804182562 0.47284 43
1732804187431 0.44744 44
1732804192367 0.44744 45
1732804197584 0.43911 46
1732804202502 0.43911 47
1732804207552 0.41453 48
1732804212881 0.41453 49
1732804217933 0.40616 50
1732804222843 0.40616 51
1732804227741 0.40616 52
1732804232776 0.40847 53
1732804237652 0.40847 54
1732804242911 0.40847 55
1732804247948 0.40874 56
1732804252878 0.40874 57
1732804258178 0.40874 58
1732804263361 0.39018 59
1732804268356 0.39018 60
1732804273592 0.39018 61
1732804278418 0.37483 62
1732804283571 0.37483 63
1732804288480 0.37483 64
1732804293772 0.38865 65
1732804298596 0.38865 66
1732804304027 0.38865 67
1732804309213 0.29658 68
1732804314116 0.29658 69
1732804319103 0.29658 70
1732804324087 0.27123 71
1732804329480 0.27123 72
1732804334721 0.27123 73
1732804340018 0.28823 74
1732804344952 0.28823 75
1732804349988 0.28823 76
1732804355026 0.27815 77
1732804359949 0.27815 78
1732804364727 0.27815 79
1732804370001 0.25898 80
1732804375051 0.25898 81
1732804379952 0.25898 82
1732804385227 0.26756 83
1732804390640 0.26756 84
1732804395790 0.26756 85
1732804400890 0.26756 86
1732804405815 0.27855 87
1732804410696 0.27855 88
1732804415640 0.27855 89
1732804420928 0.27855 90
1732804426445 0.28759 91
1732804431534 0.28759 92
1732804436603 0.28759 93
1732804441671 0.28759 94
1732804446710 0.30696 95
1732804451890 0.30696 96
1732804457165 0.30696 97
1732804462348 0.30696 98
1732804467571 0.3511 99
1732804476468 0.6429675116991773 99
