1732803979601 0.87817 0
1732803984849 0.8488 1
1732803990040 0.85083 2
1732803995299 0.84952 3
1732804000246 0.85526 4
1732804005359 0.8936 5
1732804010327 0.89406 6
1732804015515 0.85911 7
1732804020629 0.81827 8
1732804025696 0.81418 9
1732804030755 0.85595 10
1732804036060 0.85561 11
1732804041287 0.85501 12
1732804046209 0.88803 13
1732804051320 0.88802 14
1732804056643 0.87512 15
1732804061876 0.87291 16
1732804066508 0.87291 17
1732804070234 0.86227 18
1732804073829 0.86227 19
1732804077846 0.85531 20
1732804081847 0.85531 21
1732804085826 0.85529 22
1732804089862 0.85529 23
1732804094126 0.85534 24
1732804098008 0.85534 25
1732804102922 0.85545 26
1732804107776 0.85545 27
1732804112599 0.85543 28
1732804117706 0.85543 29
1732804122387 0.85203 30
1732804127510 0.85203 31
1732804131281 0.85231 32
1732804135270 0.85231 33
1732804139037 0.85257 34
1732804142682 0.85257 35
1732804146442 0.85235 36
1732804151603 0.85235 37
1732804157042 0.85226 38
1732804162227 0.85226 39
1732804167372 0.76907 40
1732804172168 0.76907 41
1732804177228 0.76243 42
1732804182562 0.76243 43
1732804187431 0.73496 44
1732804192367 0.73496 45
1732804197584 0.73238 46
1732804202502 0.73238 47
1732804207552 0.70753 48
1732804212881 0.70753 49
1732804217933 0.69868 50
1732804222843 0.69868 51
1732804227741 0.69868 52
1732804232776 0.69624 53
1732804237652 0.69624 54
1732804242911 0.69624 55
1732804247948 0.69609 56
1732804252878 0.69609 57
1732804258178 0.69609 58
1732804263361 0.67963 59
1732804268356 0.67963 60
1732804273592 0.67963 61
1732804278418 0.68057 62
1732804283571 0.68057 63
1732804288480 0.68057 64
1732804293772 0.67904 65
1732804298596 0.67904 66
1732804304027 0.67904 67
1732804309213 0.56994 68
1732804314116 0.56994 69
1732804319103 0.56994 70
1732804324087 0.53888 71
1732804329480 0.53888 72
1732804334721 0.53888 73
1732804340018 0.53693 74
1732804344952 0.53693 75
1732804349988 0.53693 76
1732804355026 0.5438 77
1732804359949 0.5438 78
1732804364727 0.5438 79
1732804370001 0.53393 80
1732804375051 0.53393 81
1732804379952 0.53393 82
1732804385227 0.53445 83
1732804390640 0.53445 84
1732804395790 0.53445 85
1732804400890 0.53445 86
1732804405815 0.52405 87
1732804410696 0.52405 88
1732804415640 0.52405 89
1732804420928 0.52405 90
1732804426445 0.53406 91
1732804431534 0.53406 92
1732804436603 0.53406 93
1732804441671 0.53406 94
1732804446710 0.55827 95
1732804451890 0.55827 96
1732804457165 0.55827 97
1732804462348 0.55827 98
1732804467571 0.60862 99
1732804476468 0.8940567765567766 99
