1732803979601 0.57454 0
1732803984849 0.56575 1
1732803990040 0.55956 2
1732803995299 0.56026 3
1732804000246 0.56732 4
1732804005359 0.54414 5
1732804010327 0.53943 6
1732804015515 0.55028 7
1732804020629 0.56882 8
1732804025696 0.57994 9
1732804030755 0.5906 10
1732804036060 0.58559 11
1732804041287 0.5904 12
1732804046209 0.59767 13
1732804051320 0.60689 14
1732804056643 0.61014 15
1732804061876 0.62054 16
1732804066508 0.62054 17
1732804070234 0.77382 18
1732804073829 0.77382 19
1732804077846 0.7701 20
1732804081847 0.7701 21
1732804085826 0.74442 22
1732804089862 0.74442 23
1732804094126 0.7112 24
1732804098008 0.7112 25
1732804102922 0.7037 26
1732804107776 0.7037 27
1732804112599 0.70025 28
1732804117706 0.70025 29
1732804122387 0.68806 30
1732804127510 0.68806 31
1732804131281 0.67028 32
1732804135270 0.67028 33
1732804139037 0.66251 34
1732804142682 0.66251 35
1732804146442 0.64261 36
1732804151603 0.64261 37
1732804157042 0.67696 38
1732804162227 0.67696 39
1732804167372 0.68067 40
1732804172168 0.68067 41
1732804177228 0.65801 42
1732804182562 0.65801 43
1732804187431 0.6836 44
1732804192367 0.6836 45
1732804197584 0.73245 46
1732804202502 0.73245 47
1732804207552 0.69146 48
1732804212881 0.69146 49
1732804217933 0.65767 50
1732804222843 0.65767 51
1732804227741 0.65767 52
1732804232776 0.67562 53
1732804237652 0.67562 54
1732804242911 0.67562 55
1732804247948 0.73113 56
1732804252878 0.73113 57
1732804258178 0.73113 58
1732804263361 0.73498 59
1732804268356 0.73498 60
1732804273592 0.73498 61
1732804278418 0.84126 62
1732804283571 0.84126 63
1732804288480 0.84126 64
1732804293772 0.85166 65
1732804298596 0.85166 66
1732804304027 0.85166 67
1732804309213 0.84685 68
1732804314116 0.84685 69
1732804319103 0.84685 70
1732804324087 0.84801 71
1732804329480 0.84801 72
1732804334721 0.84801 73
1732804340018 0.84334 74
1732804344952 0.84334 75
1732804349988 0.84334 76
1732804355026 0.83958 77
1732804359949 0.83958 78
1732804364727 0.83958 79
1732804370001 0.84129 80
1732804375051 0.84129 81
1732804379952 0.84129 82
1732804385227 0.84552 83
1732804390640 0.84552 84
1732804395790 0.84552 85
1732804400890 0.84552 86
1732804405815 0.84524 87
1732804410696 0.84524 88
1732804415640 0.84524 89
1732804420928 0.84524 90
1732804426445 0.83572 91
1732804431534 0.83572 92
1732804436603 0.83572 93
1732804441671 0.83572 94
1732804446710 0.84147 95
1732804451890 0.84147 96
1732804457165 0.84147 97
1732804462348 0.84147 98
1732804467571 0.8262 99
1732804476468 0.5406962563978387 99
