1732803979601 0.85 0
1732803984849 0.85 1
1732803990040 0.85 2
1732803995299 0.85 3
1732804000246 0.85 4
1732804005359 0.85 5
1732804010327 0.85172 6
1732804015515 0.85949 7
1732804020629 0.86386 8
1732804025696 0.86406 9
1732804030755 0.86371 10
1732804036060 0.86401 11
1732804041287 0.86667 12
1732804046209 0.86667 13
1732804051320 0.86667 14
1732804056643 0.86667 15
1732804061876 0.7 16
1732804066508 0.7 17
1732804070234 0.65 18
1732804073829 0.65 19
1732804077846 0.65 20
1732804081847 0.65 21
1732804085826 0.65 22
1732804089862 0.65 23
1732804094126 0.65762 24
1732804098008 0.65762 25
1732804102922 0.66921 26
1732804107776 0.66921 27
1732804112599 0.67263 28
1732804117706 0.67263 29
1732804122387 0.66667 30
1732804127510 0.66667 31
1732804131281 0.69047 32
1732804135270 0.69047 33
1732804139037 0.7 34
1732804142682 0.7 35
1732804146442 0.7 36
1732804151603 0.7 37
1732804157042 0.69078 38
1732804162227 0.69078 39
1732804167372 0.66897 40
1732804172168 0.66897 41
1732804177228 0.65 42
1732804182562 0.65 43
1732804187431 0.65 44
1732804192367 0.65 45
1732804197584 0.65 46
1732804202502 0.65 47
1732804207552 0.65 48
1732804212881 0.65 49
1732804217933 0.67126 50
1732804222843 0.67126 51
1732804227741 0.67126 52
1732804232776 0.67101 53
1732804237652 0.67101 54
1732804242911 0.67101 55
1732804247948 0.5 56
1732804252878 0.5 57
1732804258178 0.5 58
1732804263361 0.5 59
1732804268356 0.5 60
1732804273592 0.5 61
1732804278418 0.48765 62
1732804283571 0.48765 63
1732804288480 0.48765 64
1732804293772 0.47339 65
1732804298596 0.47339 66
1732804304027 0.47339 67
1732804309213 0.47132 68
1732804314116 0.47132 69
1732804319103 0.47132 70
1732804324087 0.46486 71
1732804329480 0.46486 72
1732804334721 0.46486 73
1732804340018 0.47057 74
1732804344952 0.47057 75
1732804349988 0.47057 76
1732804355026 0.46084 77
1732804359949 0.46084 78
1732804364727 0.46084 79
1732804370001 0.45097 80
1732804375051 0.45097 81
1732804379952 0.45097 82
1732804385227 0.47806 83
1732804390640 0.47806 84
1732804395790 0.47806 85
1732804400890 0.47806 86
1732804405815 0.4773 87
1732804410696 0.4773 88
1732804415640 0.4773 89
1732804420928 0.4773 90
1732804426445 0.4862 91
1732804431534 0.4862 92
1732804436603 0.4862 93
1732804441671 0.4862 94
1732804446710 0.46991 95
1732804451890 0.46991 96
1732804457165 0.46991 97
1732804462348 0.46991 98
1732804467571 0.46667 99
1732804476468 0.8517118399226139 99
