1732802777954 0.87817 0
1732802783236 0.8488 1
1732802788825 0.85083 2
1732802793892 0.84952 3
1732802798985 0.85526 4
1732802804546 0.8936 5
1732802810182 0.89406 6
1732802815237 0.85911 7
1732802820316 0.81827 8
1732802825138 0.81418 9
1732802830099 0.85595 10
1732802835267 0.85561 11
1732802840234 0.85501 12
1732802845004 0.88803 13
1732802850290 0.88802 14
1732802855510 0.87512 15
1732802860496 0.87291 16
1732802865537 0.87291 17
1732802870545 0.86227 18
1732802875732 0.86227 19
1732802880801 0.85531 20
1732802886188 0.85531 21
1732802891436 0.85529 22
1732802896816 0.85529 23
1732802901895 0.85534 24
1732802906718 0.85534 25
1732802911619 0.85545 26
1732802916822 0.85545 27
1732802921988 0.85543 28
1732802926884 0.85543 29
1732802931834 0.85203 30
1732802936924 0.85203 31
1732802942320 0.85231 32
1732802947016 0.85231 33
1732802952361 0.85257 34
1732802957322 0.85257 35
1732802962325 0.85235 36
1732802967310 0.85235 37
1732802972376 0.85226 38
1732802977411 0.85226 39
1732802982747 0.76907 40
1732802987759 0.76907 41
1732802992995 0.76243 42
1732802998205 0.76243 43
1732803003245 0.73496 44
1732803008245 0.73496 45
1732803013592 0.73238 46
1732803018218 0.73238 47
1732803023291 0.70753 48
1732803028459 0.70753 49
1732803033426 0.69868 50
1732803038390 0.69868 51
1732803043360 0.69868 52
1732803048537 0.69624 53
1732803053735 0.69624 54
1732803058455 0.69624 55
1732803063608 0.69609 56
1732803068434 0.69609 57
1732803073636 0.69609 58
1732803078783 0.67963 59
1732803083912 0.67963 60
1732803089152 0.67963 61
1732803094273 0.68057 62
1732803099087 0.68057 63
1732803104108 0.68057 64
1732803109079 0.67904 65
1732803114107 0.67904 66
1732803118968 0.67904 67
1732803124284 0.56994 68
1732803130103 0.56994 69
1732803135139 0.56994 70
1732803140265 0.53888 71
1732803145083 0.53888 72
1732803149802 0.53888 73
1732803155051 0.53693 74
1732803159864 0.53693 75
1732803164997 0.53693 76
1732803170109 0.5438 77
1732803174931 0.5438 78
1732803180269 0.5438 79
1732803185456 0.53393 80
1732803191479 0.53393 81
1732803197016 0.53393 82
1732803202035 0.53445 83
1732803207110 0.53445 84
1732803212025 0.53445 85
1732803217224 0.53445 86
1732803222406 0.52405 87
1732803227228 0.52405 88
1732803232282 0.52405 89
1732803237500 0.52405 90
1732803242763 0.53406 91
1732803247767 0.53406 92
1732803253059 0.53406 93
1732803258287 0.53406 94
1732803263405 0.55827 95
1732803268496 0.55827 96
1732803273350 0.55827 97
1732803278214 0.55827 98
1732803283764 0.60862 99
1732803293310 0.8940567765567766 99
