1732802777954 0.63489 0
1732802783236 0.6319 1
1732802788825 0.61618 2
1732802793892 0.61586 3
1732802798985 0.63771 4
1732802804546 0.63825 5
1732802810182 0.64255 6
1732802815237 0.61257 7
1732802820316 0.59503 8
1732802825138 0.59503 9
1732802830099 0.61995 10
1732802835267 0.62083 11
1732802840234 0.62082 12
1732802845004 0.62731 13
1732802850290 0.62731 14
1732802855510 0.62676 15
1732802860496 0.6263 16
1732802865537 0.6263 17
1732802870545 0.61119 18
1732802875732 0.61119 19
1732802880801 0.61435 20
1732802886188 0.61435 21
1732802891436 0.61925 22
1732802896816 0.61925 23
1732802901895 0.61104 24
1732802906718 0.61104 25
1732802911619 0.61336 26
1732802916822 0.61336 27
1732802921988 0.61078 28
1732802926884 0.61078 29
1732802931834 0.60885 30
1732802936924 0.60885 31
1732802942320 0.60726 32
1732802947016 0.60726 33
1732802952361 0.59108 34
1732802957322 0.59108 35
1732802962325 0.58344 36
1732802967310 0.58344 37
1732802972376 0.56169 38
1732802977411 0.56169 39
1732802982747 0.48784 40
1732802987759 0.48784 41
1732802992995 0.47284 42
1732802998205 0.47284 43
1732803003245 0.44744 44
1732803008245 0.44744 45
1732803013592 0.43911 46
1732803018218 0.43911 47
1732803023291 0.41453 48
1732803028459 0.41453 49
1732803033426 0.40616 50
1732803038390 0.40616 51
1732803043360 0.40616 52
1732803048537 0.40847 53
1732803053735 0.40847 54
1732803058455 0.40847 55
1732803063608 0.40874 56
1732803068434 0.40874 57
1732803073636 0.40874 58
1732803078783 0.39018 59
1732803083912 0.39018 60
1732803089152 0.39018 61
1732803094273 0.37483 62
1732803099087 0.37483 63
1732803104108 0.37483 64
1732803109079 0.38865 65
1732803114107 0.38865 66
1732803118968 0.38865 67
1732803124284 0.29658 68
1732803130103 0.29658 69
1732803135139 0.29658 70
1732803140265 0.27123 71
1732803145083 0.27123 72
1732803149802 0.27123 73
1732803155051 0.28823 74
1732803159864 0.28823 75
1732803164997 0.28823 76
1732803170109 0.27815 77
1732803174931 0.27815 78
1732803180269 0.27815 79
1732803185456 0.25898 80
1732803191479 0.25898 81
1732803197016 0.25898 82
1732803202035 0.26756 83
1732803207110 0.26756 84
1732803212025 0.26756 85
1732803217224 0.26756 86
1732803222406 0.27855 87
1732803227228 0.27855 88
1732803232282 0.27855 89
1732803237500 0.27855 90
1732803242763 0.28759 91
1732803247767 0.28759 92
1732803253059 0.28759 93
1732803258287 0.28759 94
1732803263405 0.30696 95
1732803268496 0.30696 96
1732803273350 0.30696 97
1732803278214 0.30696 98
1732803283764 0.3511 99
1732803293310 0.6429675116991773 99
