1732802777954 0.57454 0
1732802783236 0.56575 1
1732802788825 0.55956 2
1732802793892 0.56026 3
1732802798985 0.56732 4
1732802804546 0.54414 5
1732802810182 0.53943 6
1732802815237 0.55028 7
1732802820316 0.56882 8
1732802825138 0.57994 9
1732802830099 0.5906 10
1732802835267 0.58559 11
1732802840234 0.5904 12
1732802845004 0.59767 13
1732802850290 0.60689 14
1732802855510 0.61014 15
1732802860496 0.62054 16
1732802865537 0.62054 17
1732802870545 0.77382 18
1732802875732 0.77382 19
1732802880801 0.7701 20
1732802886188 0.7701 21
1732802891436 0.74442 22
1732802896816 0.74442 23
1732802901895 0.7112 24
1732802906718 0.7112 25
1732802911619 0.7037 26
1732802916822 0.7037 27
1732802921988 0.70025 28
1732802926884 0.70025 29
1732802931834 0.68806 30
1732802936924 0.68806 31
1732802942320 0.67028 32
1732802947016 0.67028 33
1732802952361 0.66251 34
1732802957322 0.66251 35
1732802962325 0.64261 36
1732802967310 0.64261 37
1732802972376 0.67696 38
1732802977411 0.67696 39
1732802982747 0.68067 40
1732802987759 0.68067 41
1732802992995 0.65801 42
1732802998205 0.65801 43
1732803003245 0.6836 44
1732803008245 0.6836 45
1732803013592 0.73245 46
1732803018218 0.73245 47
1732803023291 0.69146 48
1732803028459 0.69146 49
1732803033426 0.65767 50
1732803038390 0.65767 51
1732803043360 0.65767 52
1732803048537 0.67562 53
1732803053735 0.67562 54
1732803058455 0.67562 55
1732803063608 0.73113 56
1732803068434 0.73113 57
1732803073636 0.73113 58
1732803078783 0.73498 59
1732803083912 0.73498 60
1732803089152 0.73498 61
1732803094273 0.84126 62
1732803099087 0.84126 63
1732803104108 0.84126 64
1732803109079 0.85166 65
1732803114107 0.85166 66
1732803118968 0.85166 67
1732803124284 0.84685 68
1732803130103 0.84685 69
1732803135139 0.84685 70
1732803140265 0.84801 71
1732803145083 0.84801 72
1732803149802 0.84801 73
1732803155051 0.84334 74
1732803159864 0.84334 75
1732803164997 0.84334 76
1732803170109 0.83958 77
1732803174931 0.83958 78
1732803180269 0.83958 79
1732803185456 0.84129 80
1732803191479 0.84129 81
1732803197016 0.84129 82
1732803202035 0.84552 83
1732803207110 0.84552 84
1732803212025 0.84552 85
1732803217224 0.84552 86
1732803222406 0.84524 87
1732803227228 0.84524 88
1732803232282 0.84524 89
1732803237500 0.84524 90
1732803242763 0.83572 91
1732803247767 0.83572 92
1732803253059 0.83572 93
1732803258287 0.83572 94
1732803263405 0.84147 95
1732803268496 0.84147 96
1732803273350 0.84147 97
1732803278214 0.84147 98
1732803283764 0.8262 99
1732803293310 0.5406962563978387 99
