1732802777954 0.85 0
1732802783236 0.85 1
1732802788825 0.85 2
1732802793892 0.85 3
1732802798985 0.85 4
1732802804546 0.85 5
1732802810182 0.85172 6
1732802815237 0.85949 7
1732802820316 0.86386 8
1732802825138 0.86406 9
1732802830099 0.86371 10
1732802835267 0.86401 11
1732802840234 0.86667 12
1732802845004 0.86667 13
1732802850290 0.86667 14
1732802855510 0.86667 15
1732802860496 0.7 16
1732802865537 0.7 17
1732802870545 0.65 18
1732802875732 0.65 19
1732802880801 0.65 20
1732802886188 0.65 21
1732802891436 0.65 22
1732802896816 0.65 23
1732802901895 0.65762 24
1732802906718 0.65762 25
1732802911619 0.66921 26
1732802916822 0.66921 27
1732802921988 0.67263 28
1732802926884 0.67263 29
1732802931834 0.66667 30
1732802936924 0.66667 31
1732802942320 0.69047 32
1732802947016 0.69047 33
1732802952361 0.7 34
1732802957322 0.7 35
1732802962325 0.7 36
1732802967310 0.7 37
1732802972376 0.69078 38
1732802977411 0.69078 39
1732802982747 0.66897 40
1732802987759 0.66897 41
1732802992995 0.65 42
1732802998205 0.65 43
1732803003245 0.65 44
1732803008245 0.65 45
1732803013592 0.65 46
1732803018218 0.65 47
1732803023291 0.65 48
1732803028459 0.65 49
1732803033426 0.67126 50
1732803038390 0.67126 51
1732803043360 0.67126 52
1732803048537 0.67101 53
1732803053735 0.67101 54
1732803058455 0.67101 55
1732803063608 0.5 56
1732803068434 0.5 57
1732803073636 0.5 58
1732803078783 0.5 59
1732803083912 0.5 60
1732803089152 0.5 61
1732803094273 0.48765 62
1732803099087 0.48765 63
1732803104108 0.48765 64
1732803109079 0.47339 65
1732803114107 0.47339 66
1732803118968 0.47339 67
1732803124284 0.47132 68
1732803130103 0.47132 69
1732803135139 0.47132 70
1732803140265 0.46486 71
1732803145083 0.46486 72
1732803149802 0.46486 73
1732803155051 0.47057 74
1732803159864 0.47057 75
1732803164997 0.47057 76
1732803170109 0.46084 77
1732803174931 0.46084 78
1732803180269 0.46084 79
1732803185456 0.45097 80
1732803191479 0.45097 81
1732803197016 0.45097 82
1732803202035 0.47806 83
1732803207110 0.47806 84
1732803212025 0.47806 85
1732803217224 0.47806 86
1732803222406 0.4773 87
1732803227228 0.4773 88
1732803232282 0.4773 89
1732803237500 0.4773 90
1732803242763 0.4862 91
1732803247767 0.4862 92
1732803253059 0.4862 93
1732803258287 0.4862 94
1732803263405 0.46991 95
1732803268496 0.46991 96
1732803273350 0.46991 97
1732803278214 0.46991 98
1732803283764 0.46667 99
1732803293310 0.8517118399226139 99
