1732802774680 0.0 0
1732802781475 1.178219e-06 1
1732802787252 2.332876e-06 2
1732802792174 3.463971e-06 3
1732802797157 4.571504e-06 4
1732802802761 5.655475e-06 5
1732802808543 6.715884000000001e-06 6
1732802813597 7.752731000000001e-06 7
1732802818779 8.766016000000001e-06 8
1732802823647 9.755738999999999e-06 9
1732802828579 1.07219e-05 10
1732802833696 1.1664499e-05 11
1732802838576 1.2583536e-05 12
1732802843467 1.3479011e-05 13
1732802848738 1.4350924e-05 14
1732802853919 1.5199275000000002e-05 15
1732802858838 1.6024064000000003e-05 16
1732802863756 1.6825291000000002e-05 17
1732802868995 1.7602956000000007e-05 18
1732802874065 1.8357059000000002e-05 19
1732802879191 1.90876e-05 20
1732802884192 1.9794579e-05 21
1732802889711 2.0477996000000002e-05 22
1732802895175 2.1137851e-05 23
1732802900389 2.1774144e-05 24
1732802905055 2.2386875e-05 25
1732802909983 2.2976044000000002e-05 26
1732802915103 2.3541651000000005e-05 27
1732802920382 2.4083696000000004e-05 28
1732802925319 2.4602179000000002e-05 29
1732802930224 2.50971e-05 30
1732802935364 2.5568459000000002e-05 31
1732802940301 2.6016256e-05 32
1732802945476 2.6440490999999997e-05 33
1732802950567 2.6841163999999995e-05 34
1732802955784 2.7218274999999998e-05 35
1732802960722 2.7571824e-05 36
1732802965532 2.7901811000000005e-05 37
1732802970810 2.8208236e-05 38
1732802975822 2.8491099e-05 39
1732802981081 2.87504e-05 40
1732802986033 2.8986139000000004e-05 41
1732802991309 2.9198316000000005e-05 42
1732802996605 2.9386931000000006e-05 43
1732803001643 2.9551984000000004e-05 44
1732803006632 2.9693475e-05 45
1732803011652 2.981140400000001e-05 46
1732803016654 2.9905771000000005e-05 47
1732803021588 2.9976576e-05 48
1732803026881 3.0023819e-05 49
1732803031825 3.0047500000000003e-05 50
1732803036740 3.0047619e-05 51
1732803041741 3.0024175999999997e-05 52
1732803046671 2.9977171000000002e-05 53
1732803052142 2.9906604e-05 54
1732803056898 2.9812475e-05 55
1732803061890 2.9694784e-05 56
1732803066789 2.9553531000000002e-05 57
1732803071656 2.9388716000000006e-05 58
1732803077188 2.9200339000000006e-05 59
1732803082135 2.8988400000000002e-05 60
1732803087434 2.8752899e-05 61
1732803092427 2.8493836000000003e-05 62
1732803097492 2.8211211000000005e-05 63
1732803102435 2.7905024e-05 64
1732803107513 2.7575275e-05 65
1732803112395 2.7221964e-05 66
1732803117372 2.6845090999999993e-05 67
1732803122743 2.6444656e-05 68
1732803127748 2.6020659000000008e-05 69
1732803133504 2.5573100000000008e-05 70
1732803138513 2.5101979e-05 71
1732803143413 2.4607296e-05 72
1732803148250 2.4089051000000006e-05 73
1732803153147 2.3547244000000004e-05 74
1732803158281 2.2981875000000003e-05 75
1732803163299 2.2392944e-05 76
1732803168529 2.1780451000000002e-05 77
1732803173261 2.1144395999999996e-05 78
1732803178544 2.0484778999999997e-05 79
1732803183726 1.9801599999999997e-05 80
1732803189534 1.9094858999999993e-05 81
1732803195461 1.836455600000001e-05 82
1732803200476 1.7610691000000006e-05 83
1732803205207 1.6833264000000005e-05 84
1732803210365 1.6032275000000004e-05 85
1732803215597 1.5207724e-05 86
1732803220601 1.4359611e-05 87
1732803225591 1.3487936000000002e-05 88
1732803230464 1.2592698999999998e-05 89
1732803235796 1.1673899999999997e-05 90
1732803240795 1.0731538999999997e-05 91
1732803246115 9.765615999999996e-06 92
1732803251211 8.776130999999994e-06 93
1732803256578 7.763084000000007e-06 94
1732803261761 6.726475000000006e-06 95
1732803266724 5.666304000000005e-06 96
1732803271723 4.582571000000003e-06 97
1732803276610 3.4752760000000023e-06 98
1732803282041 2.344419000000001e-06 99
