1732801977007 1.33456 0
1732801984253 1.20404 1
1732801990446 1.16003 2
1732801996245 1.27732 3
1732802001150 1.37197 4
1732802006299 1.56155 5
1732802011356 1.13979 6
1732802016421 1.37521 7
1732802021217 1.11606 8
1732802026225 1.18718 9
1732802031048 1.20778 10
1732802035949 0.99169 11
1732802040738 0.87069 12
1732802045541 1.08371 13
1732802050358 0.92895 14
1732802055715 1.2228 15
1732802060690 0.84422 16
1732802064620 1.15555 17
1732802068336 0.97781 18
1732802071834 0.89621 19
1732802075475 1.29017 20
1732802078992 1.08401 21
1732802083501 1.05957 22
1732802088993 1.12309 23
1732802093724 0.83384 24
1732802098913 1.15577 25
1732802103657 0.9166 26
1732802107533 0.80305 27
1732802111523 0.99784 28
1732802115388 1.26557 29
1732802118967 0.97673 30
1732802122877 0.81117 31
1732802126549 0.78883 32
1732802130166 1.05625 33
1732802133999 0.88838 34
1732802137576 0.96604 35
1732802141306 0.78315 36
1732802145078 0.45923 37
1732802148963 0.63582 38
1732802152770 0.79593 39
1732802156471 0.76261 40
1732802160162 0.88382 41
1732802163950 0.84624 42
1732802167582 1.07346 43
1732802171331 0.61346 44
1732802175720 0.82328 45
1732802179877 0.87779 46
1732802183444 0.78713 47
1732802187582 0.67003 48
1732802191131 0.79521 49
1732802194903 0.85479 50
1732802198491 0.98553 51
1732802202109 0.64616 52
1732802205833 0.78855 53
1732802209493 0.80857 54
1732802213130 1.12816 55
1732802216891 0.9352 56
1732802220540 0.86872 57
1732802224178 0.78677 58
1732802227895 0.99235 59
1732802231484 0.63315 60
1732802235210 0.70584 61
1732802238933 0.76252 62
1732802242718 0.62877 63
1732802246195 0.66944 64
1732802249901 0.6862 65
1732802253623 0.74023 66
1732802257469 1.05803 67
1732802261212 0.62887 68
1732802264724 0.98563 69
1732802268448 0.95079 70
1732802272115 0.59616 71
1732802275858 0.68698 72
1732802279682 0.72758 73
1732802283364 0.72619 74
1732802287328 0.63475 75
1732802290952 0.67727 76
1732802294979 0.87479 77
1732802298637 0.6091 78
1732802302415 0.68747 79
1732802306148 0.51694 80
1732802309967 0.81228 81
1732802313601 0.78317 82
1732802317352 0.77956 83
1732802321167 0.5872 84
1732802324946 0.7426 85
1732802328552 0.75766 86
1732802332137 0.80258 87
1732802335979 0.95501 88
1732802339578 0.69729 89
1732802343373 0.47151 90
1732802347248 0.71061 91
1732802351167 0.47232 92
1732802354855 0.54119 93
1732802358506 0.44884 94
1732802362428 0.4366 95
1732802366132 0.68854 96
1732802369926 0.52387 97
1732802373574 0.47672 98
1732802377406 0.56149 99
