1732801977007 2.86811 0
1732801984253 2.6936 1
1732801990446 3.63313 2
1732801996245 2.74016 3
1732802001150 3.08498 4
1732802006299 4.11386 5
1732802011356 1.91273 6
1732802016421 4.01787 7
1732802021217 2.70353 8
1732802026225 3.44766 9
1732802031048 2.46949 10
1732802035949 2.00664 11
1732802040738 2.23883 12
1732802045541 2.18934 13
1732802050358 1.64881 14
1732802055715 2.47952 15
1732802060690 1.78453 16
1732802064620 1.55014 17
1732802068336 1.90479 18
1732802071834 1.53556 19
1732802075475 2.49483 20
1732802078992 2.3397 21
1732802083501 1.82227 22
1732802088993 2.21234 23
1732802093724 1.46826 24
1732802098913 1.86056 25
1732802103657 1.66928 26
1732802107533 1.24238 27
1732802111523 1.52766 28
1732802115388 2.34451 29
1732802118967 1.43246 30
1732802122877 1.26 31
1732802126549 1.31384 32
1732802130166 1.25031 33
1732802133999 2.16554 34
1732802137576 1.48369 35
1732802141306 1.12096 36
1732802145078 0.70837 37
1732802148963 0.9415 38
1732802152770 0.83709 39
1732802156471 0.92772 40
1732802160162 1.8893 41
1732802163950 1.22227 42
1732802167582 0.98589 43
1732802171331 0.92012 44
1732802175720 1.00493 45
1732802179877 1.47069 46
1732802183444 1.62784 47
1732802187582 0.71643 48
1732802191131 0.80918 49
1732802194903 0.83102 50
1732802198491 0.98867 51
1732802202109 0.69594 52
1732802205833 0.91788 53
1732802209493 0.94711 54
1732802213130 1.46641 55
1732802216891 1.4868 56
1732802220540 1.46681 57
1732802224178 0.82325 58
1732802227895 0.78208 59
1732802231484 0.68515 60
1732802235210 0.89728 61
1732802238933 0.82398 62
1732802242718 0.65367 63
1732802246195 0.69963 64
1732802249901 0.91738 65
1732802253623 1.12606 66
1732802257469 1.81891 67
1732802261212 1.08349 68
1732802264724 0.88495 69
1732802268448 1.31682 70
1732802272115 0.64272 71
1732802275858 0.90321 72
1732802279682 0.59121 73
1732802283364 0.55226 74
1732802287328 0.72972 75
1732802290952 0.65459 76
1732802294979 1.0006 77
1732802298637 0.81841 78
1732802302415 0.735 79
1732802306148 0.50397 80
1732802309967 0.68222 81
1732802313601 0.81852 82
1732802317352 0.57413 83
1732802321167 0.73305 84
1732802324946 0.65819 85
1732802328552 0.78311 86
1732802332137 0.89411 87
1732802335979 0.99591 88
1732802339578 0.61827 89
1732802343373 0.53012 90
1732802347248 0.70582 91
1732802351167 0.45825 92
1732802354855 0.44528 93
1732802358506 0.45535 94
1732802362428 0.50982 95
1732802366132 0.61738 96
1732802369926 0.49108 97
1732802373574 0.47476 98
1732802377406 0.5054 99
