1732801977007 1.64246 0
1732801984253 1.511 1
1732801990446 1.57307 2
1732801996245 1.38869 3
1732802001150 1.72642 4
1732802006299 1.96474 5
1732802011356 1.4195 6
1732802016421 1.6139 7
1732802021217 1.41075 8
1732802026225 1.59581 9
1732802031048 1.45298 10
1732802035949 1.36622 11
1732802040738 1.1318 12
1732802045541 1.48417 13
1732802050358 1.12293 14
1732802055715 1.6233 15
1732802060690 1.19123 16
1732802064620 1.36001 17
1732802068336 1.13526 18
1732802071834 1.2105 19
1732802075475 1.71275 20
1732802078992 1.51972 21
1732802083501 1.4726 22
1732802088993 1.53769 23
1732802093724 1.2101 24
1732802098913 1.45051 25
1732802103657 1.3966 26
1732802107533 1.14179 27
1732802111523 1.27209 28
1732802115388 1.59837 29
1732802118967 1.29241 30
1732802122877 1.21259 31
1732802126549 1.35178 32
1732802130166 1.30957 33
1732802133999 1.30414 34
1732802137576 1.2026 35
1732802141306 1.17371 36
1732802145078 0.96955 37
1732802148963 1.01574 38
1732802152770 1.16365 39
1732802156471 1.06553 40
1732802160162 1.28001 41
1732802163950 1.22741 42
1732802167582 1.44877 43
1732802171331 0.99465 44
1732802175720 1.26607 45
1732802179877 1.35559 46
1732802183444 1.1731 47
1732802187582 1.24323 48
1732802191131 1.29347 49
1732802194903 1.15356 50
1732802198491 1.35144 51
1732802202109 1.17573 52
1732802205833 1.23292 53
1732802209493 1.12635 54
1732802213130 1.59942 55
1732802216891 1.36998 56
1732802220540 1.27025 57
1732802224178 1.15611 58
1732802227895 1.54142 59
1732802231484 1.06273 60
1732802235210 1.04823 61
1732802238933 1.14792 62
1732802242718 1.06711 63
1732802246195 1.22233 64
1732802249901 1.08154 65
1732802253623 1.10817 66
1732802257469 1.42028 67
1732802261212 1.11959 68
1732802264724 1.43063 69
1732802268448 1.31557 70
1732802272115 1.07837 71
1732802275858 1.04612 72
1732802279682 1.20659 73
1732802283364 1.13606 74
1732802287328 1.12732 75
1732802290952 1.11176 76
1732802294979 1.187 77
1732802298637 1.10648 78
1732802302415 1.15092 79
1732802306148 0.97355 80
1732802309967 1.14426 81
1732802313601 1.21089 82
1732802317352 1.19658 83
1732802321167 1.12086 84
1732802324946 1.10004 85
1732802328552 1.05607 86
1732802332137 1.38714 87
1732802335979 1.45999 88
1732802339578 1.04427 89
1732802343373 0.89237 90
1732802347248 0.99519 91
1732802351167 0.97957 92
1732802354855 0.88297 93
1732802358506 0.90206 94
1732802362428 0.96011 95
1732802366132 1.04137 96
1732802369926 0.91188 97
1732802373574 0.91131 98
1732802377406 0.99716 99
