1732801977007 0.0 0
1732801984253 1.178219e-06 1
1732801990446 2.332876e-06 2
1732801996245 3.463971e-06 3
1732802001150 4.571504e-06 4
1732802006299 5.655475e-06 5
1732802011356 6.715884000000001e-06 6
1732802016421 7.752731000000001e-06 7
1732802021217 8.766016000000001e-06 8
1732802026225 9.755738999999999e-06 9
1732802031048 1.07219e-05 10
1732802035949 1.1664499e-05 11
1732802040738 1.2583536e-05 12
1732802045541 1.3479011e-05 13
1732802050358 1.4350924e-05 14
1732802055715 1.5199275000000002e-05 15
1732802060690 1.6024064000000003e-05 16
1732802064620 1.6825291000000002e-05 17
1732802068336 1.7602956000000007e-05 18
1732802071834 1.8357059000000002e-05 19
1732802075475 1.90876e-05 20
1732802078992 1.9794579e-05 21
1732802083501 2.0477996000000002e-05 22
1732802088993 2.1137851e-05 23
1732802093724 2.1774144e-05 24
1732802098913 2.2386875e-05 25
1732802103657 2.2976044000000002e-05 26
1732802107533 2.3541651000000005e-05 27
1732802111523 2.4083696000000004e-05 28
1732802115388 2.4602179000000002e-05 29
1732802118967 2.50971e-05 30
1732802122877 2.5568459000000002e-05 31
1732802126549 2.6016256e-05 32
1732802130166 2.6440490999999997e-05 33
1732802133999 2.6841163999999995e-05 34
1732802137576 2.7218274999999998e-05 35
1732802141306 2.7571824e-05 36
1732802145078 2.7901811000000005e-05 37
1732802148963 2.8208236e-05 38
1732802152770 2.8491099e-05 39
1732802156471 2.87504e-05 40
1732802160162 2.8986139000000004e-05 41
1732802163950 2.9198316000000005e-05 42
1732802167582 2.9386931000000006e-05 43
1732802171331 2.9551984000000004e-05 44
1732802175720 2.9693475e-05 45
1732802179877 2.981140400000001e-05 46
1732802183444 2.9905771000000005e-05 47
1732802187582 2.9976576e-05 48
1732802191131 3.0023819e-05 49
1732802194903 3.0047500000000003e-05 50
1732802198491 3.0047619e-05 51
1732802202109 3.0024175999999997e-05 52
1732802205833 2.9977171000000002e-05 53
1732802209493 2.9906604e-05 54
1732802213130 2.9812475e-05 55
1732802216891 2.9694784e-05 56
1732802220540 2.9553531000000002e-05 57
1732802224178 2.9388716000000006e-05 58
1732802227895 2.9200339000000006e-05 59
1732802231484 2.8988400000000002e-05 60
1732802235210 2.8752899e-05 61
1732802238933 2.8493836000000003e-05 62
1732802242718 2.8211211000000005e-05 63
1732802246195 2.7905024e-05 64
1732802249901 2.7575275e-05 65
1732802253623 2.7221964e-05 66
1732802257469 2.6845090999999993e-05 67
1732802261212 2.6444656e-05 68
1732802264724 2.6020659000000008e-05 69
1732802268448 2.5573100000000008e-05 70
1732802272115 2.5101979e-05 71
1732802275858 2.4607296e-05 72
1732802279682 2.4089051000000006e-05 73
1732802283364 2.3547244000000004e-05 74
1732802287328 2.2981875000000003e-05 75
1732802290952 2.2392944e-05 76
1732802294979 2.1780451000000002e-05 77
1732802298637 2.1144395999999996e-05 78
1732802302415 2.0484778999999997e-05 79
1732802306148 1.9801599999999997e-05 80
1732802309967 1.9094858999999993e-05 81
1732802313601 1.836455600000001e-05 82
1732802317352 1.7610691000000006e-05 83
1732802321167 1.6833264000000005e-05 84
1732802324946 1.6032275000000004e-05 85
1732802328552 1.5207724e-05 86
1732802332137 1.4359611e-05 87
1732802335979 1.3487936000000002e-05 88
1732802339578 1.2592698999999998e-05 89
1732802343373 1.1673899999999997e-05 90
1732802347248 1.0731538999999997e-05 91
1732802351167 9.765615999999996e-06 92
1732802354855 8.776130999999994e-06 93
1732802358506 7.763084000000007e-06 94
1732802362428 6.726475000000006e-06 95
1732802366132 5.666304000000005e-06 96
1732802369926 4.582571000000003e-06 97
1732802373574 3.4752760000000023e-06 98
1732802377406 2.344419000000001e-06 99
