1732803977949 0.0 0
1732803983286 1.178219e-06 1
1732803988478 2.332876e-06 2
1732803993744 3.463971e-06 3
1732803998669 4.571504e-06 4
1732804003791 5.655475e-06 5
1732804008750 6.715884000000001e-06 6
1732804013647 7.752731000000001e-06 7
1732804018962 8.766016000000001e-06 8
1732804024160 9.755738999999999e-06 9
1732804029172 1.07219e-05 10
1732804034518 1.1664499e-05 11
1732804039756 1.2583536e-05 12
1732804044663 1.3479011e-05 13
1732804049779 1.4350924e-05 14
1732804055092 1.5199275000000002e-05 15
1732804060039 1.6024064000000003e-05 16
1732804065224 1.6825291000000002e-05 17
1732804069075 1.7602956000000007e-05 18
1732804072663 1.8357059000000002e-05 19
1732804076412 1.90876e-05 20
1732804080532 1.9794579e-05 21
1732804084531 2.0477996000000002e-05 22
1732804088722 2.1137851e-05 23
1732804092780 2.1774144e-05 24
1732804096780 2.2386875e-05 25
1732804101274 2.2976044000000002e-05 26
1732804106175 2.3541651000000005e-05 27
1732804111090 2.4083696000000004e-05 28
1732804116062 2.4602179000000002e-05 29
1732804120916 2.50971e-05 30
1732804125812 2.5568459000000002e-05 31
1732804130090 2.6016256e-05 32
1732804133789 2.6440490999999997e-05 33
1732804137900 2.6841163999999995e-05 34
1732804141536 2.7218274999999998e-05 35
1732804145111 2.7571824e-05 36
1732804150030 2.7901811000000005e-05 37
1732804155443 2.8208236e-05 38
1732804160356 2.8491099e-05 39
1732804165564 2.87504e-05 40
1732804170587 2.8986139000000004e-05 41
1732804175574 2.9198316000000005e-05 42
1732804181015 2.9386931000000006e-05 43
1732804185880 2.9551984000000004e-05 44
1732804190808 2.9693475e-05 45
1732804196006 2.981140400000001e-05 46
1732804200733 2.9905771000000005e-05 47
1732804205959 2.9976576e-05 48
1732804211077 3.0023819e-05 49
1732804216202 3.0047500000000003e-05 50
1732804221230 3.0047619e-05 51
1732804226082 3.0024175999999997e-05 52
1732804231194 2.9977171000000002e-05 53
1732804236039 2.9906604e-05 54
1732804241122 2.9812475e-05 55
1732804246257 2.9694784e-05 56
1732804251248 2.9553531000000002e-05 57
1732804256572 2.9388716000000006e-05 58
1732804261684 2.9200339000000006e-05 59
1732804266695 2.8988400000000002e-05 60
1732804271717 2.8752899e-05 61
1732804276858 2.8493836000000003e-05 62
1732804281944 2.8211211000000005e-05 63
1732804286912 2.7905024e-05 64
1732804291864 2.7575275e-05 65
1732804297006 2.7221964e-05 66
1732804302238 2.6845090999999993e-05 67
1732804307624 2.6444656e-05 68
1732804312454 2.6020659000000008e-05 69
1732804317455 2.5573100000000008e-05 70
1732804322550 2.5101979e-05 71
1732804327419 2.4607296e-05 72
1732804333147 2.4089051000000006e-05 73
1732804338110 2.3547244000000004e-05 74
1732804343267 2.2981875000000003e-05 75
1732804348306 2.2392944e-05 76
1732804353469 2.1780451000000002e-05 77
1732804358322 2.1144395999999996e-05 78
1732804363147 2.0484778999999997e-05 79
1732804368312 1.9801599999999997e-05 80
1732804373230 1.9094858999999993e-05 81
1732804378339 1.836455600000001e-05 82
1732804383620 1.7610691000000006e-05 83
1732804388594 1.6833264000000005e-05 84
1732804394241 1.6032275000000004e-05 85
1732804399083 1.5207724e-05 86
1732804404251 1.4359611e-05 87
1732804409098 1.3487936000000002e-05 88
1732804414058 1.2592698999999998e-05 89
1732804418825 1.1673899999999997e-05 90
1732804424407 1.0731538999999997e-05 91
1732804429792 9.765615999999996e-06 92
1732804435007 8.776130999999994e-06 93
1732804439876 7.763084000000007e-06 94
1732804445147 6.726475000000006e-06 95
1732804450115 5.666304000000005e-06 96
1732804455226 4.582571000000003e-06 97
1732804460722 3.4752760000000023e-06 98
1732804465773 2.344419000000001e-06 99
