1732916873614 0.0 0
1732916879491 1.178219e-06 1
1732916885119 2.332876e-06 2
1732916890210 3.463971e-06 3
1732916894939 4.571504e-06 4
1732916900737 5.655475e-06 5
1732916904968 6.715884000000001e-06 6
1732916909046 7.752731000000001e-06 7
1732916913499 8.766016000000001e-06 8
1732916917611 9.755738999999999e-06 9
1732916921382 1.07219e-05 10
1732916925805 1.1664499e-05 11
1732916929584 1.2583536e-05 12
1732916933338 1.3479011e-05 13
1732916936935 1.4350924e-05 14
1732916941724 1.5199275000000002e-05 15
1732916947001 1.6024064000000003e-05 16
1732916951654 1.6825291000000002e-05 17
1732916957185 1.7602956000000007e-05 18
1732916962397 1.8357059000000002e-05 19
1732916966920 1.90876e-05 20
1732916972638 1.9794579e-05 21
1732916978198 2.0477996000000002e-05 22
1732916983178 2.1137851e-05 23
1732916988325 2.1774144e-05 24
1732916993369 2.2386875e-05 25
1732916998433 2.2976044000000002e-05 26
1732917003349 2.3541651000000005e-05 27
1732917008559 2.4083696000000004e-05 28
1732917013511 2.4602179000000002e-05 29
1732917018811 2.50971e-05 30
1732917024570 2.5568459000000002e-05 31
1732917030092 2.6016256e-05 32
1732917034971 2.6440490999999997e-05 33
1732917040049 2.6841163999999995e-05 34
1732917045384 2.7218274999999998e-05 35
1732917050433 2.7571824e-05 36
1732917055883 2.7901811000000005e-05 37
1732917060969 2.8208236e-05 38
1732917066106 2.8491099e-05 39
1732917071194 2.87504e-05 40
1732917076607 2.8986139000000004e-05 41
1732917081562 2.9198316000000005e-05 42
1732917086575 2.9386931000000006e-05 43
1732917091591 2.9551984000000004e-05 44
1732917096351 2.9693475e-05 45
1732917101419 2.981140400000001e-05 46
1732917106544 2.9905771000000005e-05 47
1732917111749 2.9976576e-05 48
1732917117011 3.0023819e-05 49
1732917122061 3.0047500000000003e-05 50
1732917127066 3.0047619e-05 51
1732917131980 3.0024175999999997e-05 52
1732917137566 2.9977171000000002e-05 53
1732917142616 2.9906604e-05 54
1732917148033 2.9812475e-05 55
1732917153262 2.9694784e-05 56
1732917158403 2.9553531000000002e-05 57
1732917163284 2.9388716000000006e-05 58
1732917168963 2.9200339000000006e-05 59
1732917173895 2.8988400000000002e-05 60
1732917179457 2.8752899e-05 61
1732917184645 2.8493836000000003e-05 62
1732917189989 2.8211211000000005e-05 63
1732917195067 2.7905024e-05 64
1732917200359 2.7575275e-05 65
1732917205320 2.7221964e-05 66
1732917210354 2.6845090999999993e-05 67
1732917215545 2.6444656e-05 68
1732917220540 2.6020659000000008e-05 69
1732917225757 2.5573100000000008e-05 70
1732917231715 2.5101979e-05 71
1732917237138 2.4607296e-05 72
1732917242277 2.4089051000000006e-05 73
1732917247381 2.3547244000000004e-05 74
1732917252691 2.2981875000000003e-05 75
1732917258036 2.2392944e-05 76
1732917263741 2.1780451000000002e-05 77
1732917269062 2.1144395999999996e-05 78
1732917280746 2.0484778999999997e-05 79
1732917289818 1.9801599999999997e-05 80
1732917295308 1.9094858999999993e-05 81
1732917300986 1.836455600000001e-05 82
1732917306417 1.7610691000000006e-05 83
1732917311477 1.6833264000000005e-05 84
1732917316945 1.6032275000000004e-05 85
1732917322113 1.5207724e-05 86
1732917327557 1.4359611e-05 87
1732917332578 1.3487936000000002e-05 88
1732917337437 1.2592698999999998e-05 89
1732917342581 1.1673899999999997e-05 90
1732917347763 1.0731538999999997e-05 91
1732917352815 9.765615999999996e-06 92
1732917357879 8.776130999999994e-06 93
1732917362808 7.763084000000007e-06 94
1732917367879 6.726475000000006e-06 95
1732917372747 5.666304000000005e-06 96
1732917377827 4.582571000000003e-06 97
1732917383256 3.4752760000000023e-06 98
1732917388574 2.344419000000001e-06 99
