1732801979860 0.63489 0
1732801986505 0.6319 1
1732801992295 0.61618 2
1732801997840 0.61586 3
1732802002872 0.63771 4
1732802008098 0.63825 5
1732802012985 0.64255 6
1732802017991 0.61257 7
1732802022976 0.59503 8
1732802027701 0.59503 9
1732802032607 0.61995 10
1732802037509 0.62083 11
1732802042284 0.62082 12
1732802047074 0.62731 13
1732802052039 0.62731 14
1732802057330 0.62676 15
1732802062223 0.6263 16
1732802065745 0.6263 17
1732802069507 0.61119 18
1732802072990 0.61119 19
1732802076670 0.61435 20
1732802080137 0.61435 21
1732802085425 0.61925 22
1732802090605 0.61925 23
1732802095277 0.61104 24
1732802100969 0.61104 25
1732802104996 0.61336 26
1732802108819 0.61336 27
1732802112919 0.61078 28
1732802116563 0.61078 29
1732802120349 0.60885 30
1732802124123 0.60885 31
1732802127690 0.60726 32
1732802131321 0.60726 33
1732802135179 0.59108 34
1732802138726 0.59108 35
1732802142501 0.58344 36
1732802146244 0.58344 37
1732802150118 0.56169 38
1732802153947 0.56169 39
1732802157657 0.48784 40
1732802161349 0.48784 41
1732802165169 0.47284 42
1732802168857 0.47284 43
1732802173216 0.44744 44
1732802176864 0.44744 45
1732802181045 0.43911 46
1732802184672 0.43911 47
1732802188738 0.41453 48
1732802192354 0.41453 49
1732802196083 0.40616 50
1732802199673 0.40616 51
1732802203346 0.40616 52
1732802207051 0.40847 53
1732802210705 0.40847 54
1732802214386 0.40847 55
1732802218152 0.40874 56
1732802221810 0.40874 57
1732802225317 0.40874 58
1732802229163 0.39018 59
1732802232817 0.39018 60
1732802236398 0.39018 61
1732802240228 0.37483 62
1732802243858 0.37483 63
1732802247441 0.37483 64
1732802251145 0.38865 65
1732802254831 0.38865 66
1732802258625 0.38865 67
1732802262366 0.29658 68
1732802265944 0.29658 69
1732802269604 0.29658 70
1732802273271 0.27123 71
1732802277345 0.27123 72
1732802280824 0.27123 73
1732802284894 0.28823 74
1732802288640 0.28823 75
1732802292216 0.28823 76
1732802296269 0.27815 77
1732802300011 0.27815 78
1732802303644 0.27815 79
1732802307572 0.25898 80
1732802311151 0.25898 81
1732802314834 0.25898 82
1732802318688 0.26756 83
1732802322332 0.26756 84
1732802326140 0.26756 85
1732802329772 0.26756 86
1732802333270 0.27855 87
1732802337135 0.27855 88
1732802340825 0.27855 89
1732802344742 0.27855 90
1732802348750 0.28759 91
1732802352433 0.28759 92
1732802356100 0.28759 93
1732802359989 0.28759 94
1732802363682 0.30696 95
1732802367445 0.30696 96
1732802371199 0.30696 97
1732802374816 0.30696 98
1732802378580 0.3511 99
1732802385565 0.6429675116991773 99
