1732801979860 0.87817 0
1732801986505 0.8488 1
1732801992295 0.85083 2
1732801997840 0.84952 3
1732802002872 0.85526 4
1732802008098 0.8936 5
1732802012985 0.89406 6
1732802017991 0.85911 7
1732802022976 0.81827 8
1732802027701 0.81418 9
1732802032607 0.85595 10
1732802037509 0.85561 11
1732802042284 0.85501 12
1732802047074 0.88803 13
1732802052039 0.88802 14
1732802057330 0.87512 15
1732802062223 0.87291 16
1732802065745 0.87291 17
1732802069507 0.86227 18
1732802072990 0.86227 19
1732802076670 0.85531 20
1732802080137 0.85531 21
1732802085425 0.85529 22
1732802090605 0.85529 23
1732802095277 0.85534 24
1732802100969 0.85534 25
1732802104996 0.85545 26
1732802108819 0.85545 27
1732802112919 0.85543 28
1732802116563 0.85543 29
1732802120349 0.85203 30
1732802124123 0.85203 31
1732802127690 0.85231 32
1732802131321 0.85231 33
1732802135179 0.85257 34
1732802138726 0.85257 35
1732802142501 0.85235 36
1732802146244 0.85235 37
1732802150118 0.85226 38
1732802153947 0.85226 39
1732802157657 0.76907 40
1732802161349 0.76907 41
1732802165169 0.76243 42
1732802168857 0.76243 43
1732802173216 0.73496 44
1732802176864 0.73496 45
1732802181045 0.73238 46
1732802184672 0.73238 47
1732802188738 0.70753 48
1732802192354 0.70753 49
1732802196083 0.69868 50
1732802199673 0.69868 51
1732802203346 0.69868 52
1732802207051 0.69624 53
1732802210705 0.69624 54
1732802214386 0.69624 55
1732802218152 0.69609 56
1732802221810 0.69609 57
1732802225317 0.69609 58
1732802229163 0.67963 59
1732802232817 0.67963 60
1732802236398 0.67963 61
1732802240228 0.68057 62
1732802243858 0.68057 63
1732802247441 0.68057 64
1732802251145 0.67904 65
1732802254831 0.67904 66
1732802258625 0.67904 67
1732802262366 0.56994 68
1732802265944 0.56994 69
1732802269604 0.56994 70
1732802273271 0.53888 71
1732802277345 0.53888 72
1732802280824 0.53888 73
1732802284894 0.53693 74
1732802288640 0.53693 75
1732802292216 0.53693 76
1732802296269 0.5438 77
1732802300011 0.5438 78
1732802303644 0.5438 79
1732802307572 0.53393 80
1732802311151 0.53393 81
1732802314834 0.53393 82
1732802318688 0.53445 83
1732802322332 0.53445 84
1732802326140 0.53445 85
1732802329772 0.53445 86
1732802333270 0.52405 87
1732802337135 0.52405 88
1732802340825 0.52405 89
1732802344742 0.52405 90
1732802348750 0.53406 91
1732802352433 0.53406 92
1732802356100 0.53406 93
1732802359989 0.53406 94
1732802363682 0.55827 95
1732802367445 0.55827 96
1732802371199 0.55827 97
1732802374816 0.55827 98
1732802378580 0.60862 99
1732802385565 0.8940567765567766 99
