1732801979860 0.57454 0
1732801986505 0.56575 1
1732801992295 0.55956 2
1732801997840 0.56026 3
1732802002872 0.56732 4
1732802008098 0.54414 5
1732802012985 0.53943 6
1732802017991 0.55028 7
1732802022976 0.56882 8
1732802027701 0.57994 9
1732802032607 0.5906 10
1732802037509 0.58559 11
1732802042284 0.5904 12
1732802047074 0.59767 13
1732802052039 0.60689 14
1732802057330 0.61014 15
1732802062223 0.62054 16
1732802065745 0.62054 17
1732802069507 0.77382 18
1732802072990 0.77382 19
1732802076670 0.7701 20
1732802080137 0.7701 21
1732802085425 0.74442 22
1732802090605 0.74442 23
1732802095277 0.7112 24
1732802100969 0.7112 25
1732802104996 0.7037 26
1732802108819 0.7037 27
1732802112919 0.70025 28
1732802116563 0.70025 29
1732802120349 0.68806 30
1732802124123 0.68806 31
1732802127690 0.67028 32
1732802131321 0.67028 33
1732802135179 0.66251 34
1732802138726 0.66251 35
1732802142501 0.64261 36
1732802146244 0.64261 37
1732802150118 0.67696 38
1732802153947 0.67696 39
1732802157657 0.68067 40
1732802161349 0.68067 41
1732802165169 0.65801 42
1732802168857 0.65801 43
1732802173216 0.6836 44
1732802176864 0.6836 45
1732802181045 0.73245 46
1732802184672 0.73245 47
1732802188738 0.69146 48
1732802192354 0.69146 49
1732802196083 0.65767 50
1732802199673 0.65767 51
1732802203346 0.65767 52
1732802207051 0.67562 53
1732802210705 0.67562 54
1732802214386 0.67562 55
1732802218152 0.73113 56
1732802221810 0.73113 57
1732802225317 0.73113 58
1732802229163 0.73498 59
1732802232817 0.73498 60
1732802236398 0.73498 61
1732802240228 0.84126 62
1732802243858 0.84126 63
1732802247441 0.84126 64
1732802251145 0.85166 65
1732802254831 0.85166 66
1732802258625 0.85166 67
1732802262366 0.84685 68
1732802265944 0.84685 69
1732802269604 0.84685 70
1732802273271 0.84801 71
1732802277345 0.84801 72
1732802280824 0.84801 73
1732802284894 0.84334 74
1732802288640 0.84334 75
1732802292216 0.84334 76
1732802296269 0.83958 77
1732802300011 0.83958 78
1732802303644 0.83958 79
1732802307572 0.84129 80
1732802311151 0.84129 81
1732802314834 0.84129 82
1732802318688 0.84552 83
1732802322332 0.84552 84
1732802326140 0.84552 85
1732802329772 0.84552 86
1732802333270 0.84524 87
1732802337135 0.84524 88
1732802340825 0.84524 89
1732802344742 0.84524 90
1732802348750 0.83572 91
1732802352433 0.83572 92
1732802356100 0.83572 93
1732802359989 0.83572 94
1732802363682 0.84147 95
1732802367445 0.84147 96
1732802371199 0.84147 97
1732802374816 0.84147 98
1732802378580 0.8262 99
1732802385565 0.5406962563978387 99
