1732801979860 0.85 0
1732801986505 0.85 1
1732801992295 0.85 2
1732801997840 0.85 3
1732802002872 0.85 4
1732802008098 0.85 5
1732802012985 0.85172 6
1732802017991 0.85949 7
1732802022976 0.86386 8
1732802027701 0.86406 9
1732802032607 0.86371 10
1732802037509 0.86401 11
1732802042284 0.86667 12
1732802047074 0.86667 13
1732802052039 0.86667 14
1732802057330 0.86667 15
1732802062223 0.7 16
1732802065745 0.7 17
1732802069507 0.65 18
1732802072990 0.65 19
1732802076670 0.65 20
1732802080137 0.65 21
1732802085425 0.65 22
1732802090605 0.65 23
1732802095277 0.65762 24
1732802100969 0.65762 25
1732802104996 0.66921 26
1732802108819 0.66921 27
1732802112919 0.67263 28
1732802116563 0.67263 29
1732802120349 0.66667 30
1732802124123 0.66667 31
1732802127690 0.69047 32
1732802131321 0.69047 33
1732802135179 0.7 34
1732802138726 0.7 35
1732802142501 0.7 36
1732802146244 0.7 37
1732802150118 0.69078 38
1732802153947 0.69078 39
1732802157657 0.66897 40
1732802161349 0.66897 41
1732802165169 0.65 42
1732802168857 0.65 43
1732802173216 0.65 44
1732802176864 0.65 45
1732802181045 0.65 46
1732802184672 0.65 47
1732802188738 0.65 48
1732802192354 0.65 49
1732802196083 0.67126 50
1732802199673 0.67126 51
1732802203346 0.67126 52
1732802207051 0.67101 53
1732802210705 0.67101 54
1732802214386 0.67101 55
1732802218152 0.5 56
1732802221810 0.5 57
1732802225317 0.5 58
1732802229163 0.5 59
1732802232817 0.5 60
1732802236398 0.5 61
1732802240228 0.48765 62
1732802243858 0.48765 63
1732802247441 0.48765 64
1732802251145 0.47339 65
1732802254831 0.47339 66
1732802258625 0.47339 67
1732802262366 0.47132 68
1732802265944 0.47132 69
1732802269604 0.47132 70
1732802273271 0.46486 71
1732802277345 0.46486 72
1732802280824 0.46486 73
1732802284894 0.47057 74
1732802288640 0.47057 75
1732802292216 0.47057 76
1732802296269 0.46084 77
1732802300011 0.46084 78
1732802303644 0.46084 79
1732802307572 0.45097 80
1732802311151 0.45097 81
1732802314834 0.45097 82
1732802318688 0.47806 83
1732802322332 0.47806 84
1732802326140 0.47806 85
1732802329772 0.47806 86
1732802333270 0.4773 87
1732802337135 0.4773 88
1732802340825 0.4773 89
1732802344742 0.4773 90
1732802348750 0.4862 91
1732802352433 0.4862 92
1732802356100 0.4862 93
1732802359989 0.4862 94
1732802363682 0.46991 95
1732802367445 0.46991 96
1732802371199 0.46991 97
1732802374816 0.46991 98
1732802378580 0.46667 99
1732802385565 0.8517118399226139 99
