1732916875716 0.63489 0
1732916881394 0.6319 1
1732916887011 0.61618 2
1732916891642 0.61586 3
1732916897461 0.63771 4
1732916902241 0.63825 5
1732916906273 0.64255 6
1732916910412 0.61257 7
1732916914768 0.59503 8
1732916918863 0.59503 9
1732916922616 0.61995 10
1732916927048 0.62083 11
1732916930804 0.62082 12
1732916934483 0.62731 13
1732916938157 0.62731 14
1732916943825 0.62676 15
1732916948423 0.6263 16
1732916953361 0.6263 17
1732916959223 0.61119 18
1732916963755 0.61119 19
1732916969186 0.61435 20
1732916974252 0.61435 21
1732916979846 0.61925 22
1732916984812 0.61925 23
1732916989949 0.61104 24
1732916995010 0.61104 25
1732917000008 0.61336 26
1732917004932 0.61336 27
1732917010223 0.61078 28
1732917015127 0.61078 29
1732917020791 0.60885 30
1732917026320 0.60885 31
1732917031785 0.60726 32
1732917036541 0.60726 33
1732917041667 0.59108 34
1732917047012 0.59108 35
1732917052675 0.58344 36
1732917057463 0.58344 37
1732917062627 0.56169 38
1732917067781 0.56169 39
1732917073130 0.48784 40
1732917078212 0.48784 41
1732917083241 0.47284 42
1732917088280 0.47284 43
1732917093194 0.44744 44
1732917098102 0.44744 45
1732917103332 0.43911 46
1732917108265 0.43911 47
1732917113597 0.41453 48
1732917118614 0.41453 49
1732917123692 0.40616 50
1732917128684 0.40616 51
1732917133620 0.40616 52
1732917139289 0.40847 53
1732917144705 0.40847 54
1732917149838 0.40847 55
1732917155021 0.40874 56
1732917160055 0.40874 57
1732917165200 0.40874 58
1732917170589 0.39018 59
1732917175585 0.39018 60
1732917181346 0.39018 61
1732917186572 0.37483 62
1732917191654 0.37483 63
1732917196837 0.37483 64
1732917201890 0.38865 65
1732917206982 0.38865 66
1732917212073 0.38865 67
1732917217253 0.29658 68
1732917222460 0.29658 69
1732917227348 0.29658 70
1732917233500 0.27123 71
1732917238905 0.27123 72
1732917243889 0.27123 73
1732917249350 0.28823 74
1732917254307 0.28823 75
1732917259708 0.28823 76
1732917265556 0.27815 77
1732917272074 0.27815 78
1732917283350 0.27815 79
1732917291843 0.25898 80
1732917297413 0.25898 81
1732917302796 0.25898 82
1732917308099 0.26756 83
1732917313418 0.26756 84
1732917318607 0.26756 85
1732917324147 0.26756 86
1732917329349 0.27855 87
1732917334256 0.27855 88
1732917339130 0.27855 89
1732917344295 0.27855 90
1732917349519 0.28759 91
1732917354675 0.28759 92
1732917359486 0.28759 93
1732917364509 0.28759 94
1732917369587 0.30696 95
1732917374449 0.30696 96
1732917379838 0.30696 97
1732917385002 0.30696 98
1732917390599 0.3511 99
1732917400065 0.6429675116991773 99
