1732916875716 0.87817 0
1732916881394 0.8488 1
1732916887011 0.85083 2
1732916891642 0.84952 3
1732916897461 0.85526 4
1732916902241 0.8936 5
1732916906273 0.89406 6
1732916910412 0.85911 7
1732916914768 0.81827 8
1732916918863 0.81418 9
1732916922616 0.85595 10
1732916927048 0.85561 11
1732916930804 0.85501 12
1732916934483 0.88803 13
1732916938157 0.88802 14
1732916943825 0.87512 15
1732916948423 0.87291 16
1732916953361 0.87291 17
1732916959223 0.86227 18
1732916963755 0.86227 19
1732916969186 0.85531 20
1732916974252 0.85531 21
1732916979846 0.85529 22
1732916984812 0.85529 23
1732916989949 0.85534 24
1732916995010 0.85534 25
1732917000008 0.85545 26
1732917004932 0.85545 27
1732917010223 0.85543 28
1732917015127 0.85543 29
1732917020791 0.85203 30
1732917026320 0.85203 31
1732917031785 0.85231 32
1732917036541 0.85231 33
1732917041667 0.85257 34
1732917047012 0.85257 35
1732917052675 0.85235 36
1732917057463 0.85235 37
1732917062627 0.85226 38
1732917067781 0.85226 39
1732917073130 0.76907 40
1732917078212 0.76907 41
1732917083241 0.76243 42
1732917088280 0.76243 43
1732917093194 0.73496 44
1732917098102 0.73496 45
1732917103332 0.73238 46
1732917108265 0.73238 47
1732917113597 0.70753 48
1732917118614 0.70753 49
1732917123692 0.69868 50
1732917128684 0.69868 51
1732917133620 0.69868 52
1732917139289 0.69624 53
1732917144705 0.69624 54
1732917149838 0.69624 55
1732917155021 0.69609 56
1732917160055 0.69609 57
1732917165200 0.69609 58
1732917170589 0.67963 59
1732917175585 0.67963 60
1732917181346 0.67963 61
1732917186572 0.68057 62
1732917191654 0.68057 63
1732917196837 0.68057 64
1732917201890 0.67904 65
1732917206982 0.67904 66
1732917212073 0.67904 67
1732917217253 0.56994 68
1732917222460 0.56994 69
1732917227348 0.56994 70
1732917233500 0.53888 71
1732917238905 0.53888 72
1732917243889 0.53888 73
1732917249350 0.53693 74
1732917254307 0.53693 75
1732917259708 0.53693 76
1732917265556 0.5438 77
1732917272074 0.5438 78
1732917283350 0.5438 79
1732917291843 0.53393 80
1732917297413 0.53393 81
1732917302796 0.53393 82
1732917308099 0.53445 83
1732917313418 0.53445 84
1732917318607 0.53445 85
1732917324147 0.53445 86
1732917329349 0.52405 87
1732917334256 0.52405 88
1732917339130 0.52405 89
1732917344295 0.52405 90
1732917349519 0.53406 91
1732917354675 0.53406 92
1732917359486 0.53406 93
1732917364509 0.53406 94
1732917369587 0.55827 95
1732917374449 0.55827 96
1732917379838 0.55827 97
1732917385002 0.55827 98
1732917390599 0.60862 99
1732917400065 0.8940567765567766 99
