1732916875716 0.57454 0
1732916881394 0.56575 1
1732916887011 0.55956 2
1732916891642 0.56026 3
1732916897461 0.56732 4
1732916902241 0.54414 5
1732916906273 0.53943 6
1732916910412 0.55028 7
1732916914768 0.56882 8
1732916918863 0.57994 9
1732916922616 0.5906 10
1732916927048 0.58559 11
1732916930804 0.5904 12
1732916934483 0.59767 13
1732916938157 0.60689 14
1732916943825 0.61014 15
1732916948423 0.62054 16
1732916953361 0.62054 17
1732916959223 0.77382 18
1732916963755 0.77382 19
1732916969186 0.7701 20
1732916974252 0.7701 21
1732916979846 0.74442 22
1732916984812 0.74442 23
1732916989949 0.7112 24
1732916995010 0.7112 25
1732917000008 0.7037 26
1732917004932 0.7037 27
1732917010223 0.70025 28
1732917015127 0.70025 29
1732917020791 0.68806 30
1732917026320 0.68806 31
1732917031785 0.67028 32
1732917036541 0.67028 33
1732917041667 0.66251 34
1732917047012 0.66251 35
1732917052675 0.64261 36
1732917057463 0.64261 37
1732917062627 0.67696 38
1732917067781 0.67696 39
1732917073130 0.68067 40
1732917078212 0.68067 41
1732917083241 0.65801 42
1732917088280 0.65801 43
1732917093194 0.6836 44
1732917098102 0.6836 45
1732917103332 0.73245 46
1732917108265 0.73245 47
1732917113597 0.69146 48
1732917118614 0.69146 49
1732917123692 0.65767 50
1732917128684 0.65767 51
1732917133620 0.65767 52
1732917139289 0.67562 53
1732917144705 0.67562 54
1732917149838 0.67562 55
1732917155021 0.73113 56
1732917160055 0.73113 57
1732917165200 0.73113 58
1732917170589 0.73498 59
1732917175585 0.73498 60
1732917181346 0.73498 61
1732917186572 0.84126 62
1732917191654 0.84126 63
1732917196837 0.84126 64
1732917201890 0.85166 65
1732917206982 0.85166 66
1732917212073 0.85166 67
1732917217253 0.84685 68
1732917222460 0.84685 69
1732917227348 0.84685 70
1732917233500 0.84801 71
1732917238905 0.84801 72
1732917243889 0.84801 73
1732917249350 0.84334 74
1732917254307 0.84334 75
1732917259708 0.84334 76
1732917265556 0.83958 77
1732917272074 0.83958 78
1732917283350 0.83958 79
1732917291843 0.84129 80
1732917297413 0.84129 81
1732917302796 0.84129 82
1732917308099 0.84552 83
1732917313418 0.84552 84
1732917318607 0.84552 85
1732917324147 0.84552 86
1732917329349 0.84524 87
1732917334256 0.84524 88
1732917339130 0.84524 89
1732917344295 0.84524 90
1732917349519 0.83572 91
1732917354675 0.83572 92
1732917359486 0.83572 93
1732917364509 0.83572 94
1732917369587 0.84147 95
1732917374449 0.84147 96
1732917379838 0.84147 97
1732917385002 0.84147 98
1732917390599 0.8262 99
1732917400065 0.5406962563978387 99
