1732916875716 0.85 0
1732916881394 0.85 1
1732916887011 0.85 2
1732916891642 0.85 3
1732916897461 0.85 4
1732916902241 0.85 5
1732916906273 0.85172 6
1732916910412 0.85949 7
1732916914768 0.86386 8
1732916918863 0.86406 9
1732916922616 0.86371 10
1732916927048 0.86401 11
1732916930804 0.86667 12
1732916934483 0.86667 13
1732916938157 0.86667 14
1732916943825 0.86667 15
1732916948423 0.7 16
1732916953361 0.7 17
1732916959223 0.65 18
1732916963755 0.65 19
1732916969186 0.65 20
1732916974252 0.65 21
1732916979846 0.65 22
1732916984812 0.65 23
1732916989949 0.65762 24
1732916995010 0.65762 25
1732917000008 0.66921 26
1732917004932 0.66921 27
1732917010223 0.67263 28
1732917015127 0.67263 29
1732917020791 0.66667 30
1732917026320 0.66667 31
1732917031785 0.69047 32
1732917036541 0.69047 33
1732917041667 0.7 34
1732917047012 0.7 35
1732917052675 0.7 36
1732917057463 0.7 37
1732917062627 0.69078 38
1732917067781 0.69078 39
1732917073130 0.66897 40
1732917078212 0.66897 41
1732917083241 0.65 42
1732917088280 0.65 43
1732917093194 0.65 44
1732917098102 0.65 45
1732917103332 0.65 46
1732917108265 0.65 47
1732917113597 0.65 48
1732917118614 0.65 49
1732917123692 0.67126 50
1732917128684 0.67126 51
1732917133620 0.67126 52
1732917139289 0.67101 53
1732917144705 0.67101 54
1732917149838 0.67101 55
1732917155021 0.5 56
1732917160055 0.5 57
1732917165200 0.5 58
1732917170589 0.5 59
1732917175585 0.5 60
1732917181346 0.5 61
1732917186572 0.48765 62
1732917191654 0.48765 63
1732917196837 0.48765 64
1732917201890 0.47339 65
1732917206982 0.47339 66
1732917212073 0.47339 67
1732917217253 0.47132 68
1732917222460 0.47132 69
1732917227348 0.47132 70
1732917233500 0.46486 71
1732917238905 0.46486 72
1732917243889 0.46486 73
1732917249350 0.47057 74
1732917254307 0.47057 75
1732917259708 0.47057 76
1732917265556 0.46084 77
1732917272074 0.46084 78
1732917283350 0.46084 79
1732917291843 0.45097 80
1732917297413 0.45097 81
1732917302796 0.45097 82
1732917308099 0.47806 83
1732917313418 0.47806 84
1732917318607 0.47806 85
1732917324147 0.47806 86
1732917329349 0.4773 87
1732917334256 0.4773 88
1732917339130 0.4773 89
1732917344295 0.4773 90
1732917349519 0.4862 91
1732917354675 0.4862 92
1732917359486 0.4862 93
1732917364509 0.4862 94
1732917369587 0.46991 95
1732917374449 0.46991 96
1732917379838 0.46991 97
1732917385002 0.46991 98
1732917390599 0.46667 99
1732917400065 0.8517118399226139 99
