1732916873614 1.33456 0
1732916879491 1.20404 1
1732916885119 1.16003 2
1732916890210 1.27732 3
1732916894939 1.37197 4
1732916900737 1.56155 5
1732916904968 1.13979 6
1732916909046 1.37521 7
1732916913499 1.11606 8
1732916917611 1.18718 9
1732916921382 1.20778 10
1732916925805 0.99169 11
1732916929584 0.87069 12
1732916933338 1.08371 13
1732916936935 0.92895 14
1732916941724 1.2228 15
1732916947001 0.84422 16
1732916951654 1.15555 17
1732916957185 0.97781 18
1732916962397 0.89621 19
1732916966920 1.29017 20
1732916972638 1.08401 21
1732916978198 1.05957 22
1732916983178 1.12309 23
1732916988325 0.83384 24
1732916993369 1.15577 25
1732916998433 0.9166 26
1732917003349 0.80305 27
1732917008559 0.99784 28
1732917013511 1.26557 29
1732917018811 0.97673 30
1732917024570 0.81117 31
1732917030092 0.78883 32
1732917034971 1.05625 33
1732917040049 0.88838 34
1732917045384 0.96604 35
1732917050433 0.78315 36
1732917055883 0.45923 37
1732917060969 0.63582 38
1732917066106 0.79593 39
1732917071194 0.76261 40
1732917076607 0.88382 41
1732917081562 0.84624 42
1732917086575 1.07346 43
1732917091591 0.61346 44
1732917096351 0.82328 45
1732917101419 0.87779 46
1732917106544 0.78713 47
1732917111749 0.67003 48
1732917117011 0.79521 49
1732917122061 0.85479 50
1732917127066 0.98553 51
1732917131980 0.64616 52
1732917137566 0.78855 53
1732917142616 0.80857 54
1732917148033 1.12816 55
1732917153262 0.9352 56
1732917158403 0.86872 57
1732917163284 0.78677 58
1732917168963 0.99235 59
1732917173895 0.63315 60
1732917179457 0.70584 61
1732917184645 0.76252 62
1732917189989 0.62877 63
1732917195067 0.66944 64
1732917200359 0.6862 65
1732917205320 0.74023 66
1732917210354 1.05803 67
1732917215545 0.62887 68
1732917220540 0.98563 69
1732917225757 0.95079 70
1732917231715 0.59616 71
1732917237138 0.68698 72
1732917242277 0.72758 73
1732917247381 0.72619 74
1732917252691 0.63475 75
1732917258036 0.67727 76
1732917263741 0.87479 77
1732917269062 0.6091 78
1732917280746 0.68747 79
1732917289818 0.51694 80
1732917295308 0.81228 81
1732917300986 0.78317 82
1732917306417 0.77956 83
1732917311477 0.5872 84
1732917316945 0.7426 85
1732917322113 0.75766 86
1732917327557 0.80258 87
1732917332578 0.95501 88
1732917337437 0.69729 89
1732917342581 0.47151 90
1732917347763 0.71061 91
1732917352815 0.47232 92
1732917357879 0.54119 93
1732917362808 0.44884 94
1732917367879 0.4366 95
1732917372747 0.68854 96
1732917377827 0.52387 97
1732917383256 0.47672 98
1732917388574 0.56149 99
