1732916873614 2.86811 0
1732916879491 2.6936 1
1732916885119 3.63313 2
1732916890210 2.74016 3
1732916894939 3.08498 4
1732916900737 4.11386 5
1732916904968 1.91273 6
1732916909046 4.01787 7
1732916913499 2.70353 8
1732916917611 3.44766 9
1732916921382 2.46949 10
1732916925805 2.00664 11
1732916929584 2.23883 12
1732916933338 2.18934 13
1732916936935 1.64881 14
1732916941724 2.47952 15
1732916947001 1.78453 16
1732916951654 1.55014 17
1732916957185 1.90479 18
1732916962397 1.53556 19
1732916966920 2.49483 20
1732916972638 2.3397 21
1732916978198 1.82227 22
1732916983178 2.21234 23
1732916988325 1.46826 24
1732916993369 1.86056 25
1732916998433 1.66928 26
1732917003349 1.24238 27
1732917008559 1.52766 28
1732917013511 2.34451 29
1732917018811 1.43246 30
1732917024570 1.26 31
1732917030092 1.31384 32
1732917034971 1.25031 33
1732917040049 2.16554 34
1732917045384 1.48369 35
1732917050433 1.12096 36
1732917055883 0.70837 37
1732917060969 0.9415 38
1732917066106 0.83709 39
1732917071194 0.92772 40
1732917076607 1.8893 41
1732917081562 1.22227 42
1732917086575 0.98589 43
1732917091591 0.92012 44
1732917096351 1.00493 45
1732917101419 1.47069 46
1732917106544 1.62784 47
1732917111749 0.71643 48
1732917117011 0.80918 49
1732917122061 0.83102 50
1732917127066 0.98867 51
1732917131980 0.69594 52
1732917137566 0.91788 53
1732917142616 0.94711 54
1732917148033 1.46641 55
1732917153262 1.4868 56
1732917158403 1.46681 57
1732917163284 0.82325 58
1732917168963 0.78208 59
1732917173895 0.68515 60
1732917179457 0.89728 61
1732917184645 0.82398 62
1732917189989 0.65367 63
1732917195067 0.69963 64
1732917200359 0.91738 65
1732917205320 1.12606 66
1732917210354 1.81891 67
1732917215545 1.08349 68
1732917220540 0.88495 69
1732917225757 1.31682 70
1732917231715 0.64272 71
1732917237138 0.90321 72
1732917242277 0.59121 73
1732917247381 0.55226 74
1732917252691 0.72972 75
1732917258036 0.65459 76
1732917263741 1.0006 77
1732917269062 0.81841 78
1732917280746 0.735 79
1732917289818 0.50397 80
1732917295308 0.68222 81
1732917300986 0.81852 82
1732917306417 0.57413 83
1732917311477 0.73305 84
1732917316945 0.65819 85
1732917322113 0.78311 86
1732917327557 0.89411 87
1732917332578 0.99591 88
1732917337437 0.61827 89
1732917342581 0.53012 90
1732917347763 0.70582 91
1732917352815 0.45825 92
1732917357879 0.44528 93
1732917362808 0.45535 94
1732917367879 0.50982 95
1732917372747 0.61738 96
1732917377827 0.49108 97
1732917383256 0.47476 98
1732917388574 0.5054 99
