1732916873614 1.64246 0
1732916879491 1.511 1
1732916885119 1.57307 2
1732916890210 1.38869 3
1732916894939 1.72642 4
1732916900737 1.96474 5
1732916904968 1.4195 6
1732916909046 1.6139 7
1732916913499 1.41075 8
1732916917611 1.59581 9
1732916921382 1.45298 10
1732916925805 1.36622 11
1732916929584 1.1318 12
1732916933338 1.48417 13
1732916936935 1.12293 14
1732916941724 1.6233 15
1732916947001 1.19123 16
1732916951654 1.36001 17
1732916957185 1.13526 18
1732916962397 1.2105 19
1732916966920 1.71275 20
1732916972638 1.51972 21
1732916978198 1.4726 22
1732916983178 1.53769 23
1732916988325 1.2101 24
1732916993369 1.45051 25
1732916998433 1.3966 26
1732917003349 1.14179 27
1732917008559 1.27209 28
1732917013511 1.59837 29
1732917018811 1.29241 30
1732917024570 1.21259 31
1732917030092 1.35178 32
1732917034971 1.30957 33
1732917040049 1.30414 34
1732917045384 1.2026 35
1732917050433 1.17371 36
1732917055883 0.96955 37
1732917060969 1.01574 38
1732917066106 1.16365 39
1732917071194 1.06553 40
1732917076607 1.28001 41
1732917081562 1.22741 42
1732917086575 1.44877 43
1732917091591 0.99465 44
1732917096351 1.26607 45
1732917101419 1.35559 46
1732917106544 1.1731 47
1732917111749 1.24323 48
1732917117011 1.29347 49
1732917122061 1.15356 50
1732917127066 1.35144 51
1732917131980 1.17573 52
1732917137566 1.23292 53
1732917142616 1.12635 54
1732917148033 1.59942 55
1732917153262 1.36998 56
1732917158403 1.27025 57
1732917163284 1.15611 58
1732917168963 1.54142 59
1732917173895 1.06273 60
1732917179457 1.04823 61
1732917184645 1.14792 62
1732917189989 1.06711 63
1732917195067 1.22233 64
1732917200359 1.08154 65
1732917205320 1.10817 66
1732917210354 1.42028 67
1732917215545 1.11959 68
1732917220540 1.43063 69
1732917225757 1.31557 70
1732917231715 1.07837 71
1732917237138 1.04612 72
1732917242277 1.20659 73
1732917247381 1.13606 74
1732917252691 1.12732 75
1732917258036 1.11176 76
1732917263741 1.187 77
1732917269062 1.10648 78
1732917280746 1.15092 79
1732917289818 0.97355 80
1732917295308 1.14426 81
1732917300986 1.21089 82
1732917306417 1.19658 83
1732917311477 1.12086 84
1732917316945 1.10004 85
1732917322113 1.05607 86
1732917327557 1.38714 87
1732917332578 1.45999 88
1732917337437 1.04427 89
1732917342581 0.89237 90
1732917347763 0.99519 91
1732917352815 0.97957 92
1732917357879 0.88297 93
1732917362808 0.90206 94
1732917367879 0.96011 95
1732917372747 1.04137 96
1732917377827 0.91188 97
1732917383256 0.91131 98
1732917388574 0.99716 99
