1732722773682 1.33456 0
1732722780314 1.20404 1
1732722786213 1.16003 2
1732722790725 1.27732 3
1732722795522 1.37197 4
1732722799845 1.56155 5
1732722804290 1.13979 6
1732722808629 1.37521 7
1732722813265 1.11606 8
1732722818332 1.18718 9
1732722823800 1.20778 10
1732722829427 0.99169 11
1732722833242 0.87069 12
1732722837033 1.08371 13
1732722841471 0.92895 14
1732722845276 1.2228 15
1732722849286 0.84422 16
1732722853256 1.15555 17
1732722858070 0.97781 18
1732722861603 0.89621 19
1732722865258 1.29017 20
1732722869140 1.08401 21
1732722872948 1.05957 22
1732722878148 1.12309 23
1732722883545 0.83384 24
1732722886999 1.15577 25
1732722890633 0.9166 26
1732722894373 0.80305 27
1732722897924 0.99784 28
1732722902363 1.26557 29
1732722906434 0.97673 30
1732722910447 0.81117 31
1732722913995 0.78883 32
1732722917479 1.05625 33
1732722921757 0.88838 34
1732722925328 0.96604 35
1732722928805 0.78315 36
1732722932465 0.45923 37
1732722937451 0.63582 38
1732722941288 0.79593 39
1732722945520 0.76261 40
1732722949287 0.88382 41
1732722952976 0.84624 42
1732722956502 1.07346 43
1732722960743 0.61346 44
1732722965624 0.82328 45
1732722969923 0.87779 46
1732722975008 0.78713 47
1732722982266 0.67003 48
1732722987077 0.79521 49
1732722992203 0.85479 50
1732722996406 0.98553 51
1732723001325 0.64616 52
1732723005631 0.78855 53
1732723010730 0.80857 54
1732723014839 1.12816 55
1732723019852 0.9352 56
1732723024199 0.86872 57
1732723028796 0.78677 58
1732723034025 0.99235 59
1732723038584 0.63315 60
1732723043312 0.70584 61
1732723047756 0.76252 62
1732723052579 0.62877 63
1732723056961 0.66944 64
1732723061954 0.6862 65
1732723066028 0.74023 66
1732723071614 1.05803 67
1732723075861 0.62887 68
1732723080632 0.98563 69
1732723085386 0.95079 70
1732723090909 0.59616 71
1732723095355 0.68698 72
1732723100007 0.72758 73
1732723104892 0.72619 74
1732723109657 0.63475 75
1732723114219 0.67727 76
1732723119252 0.87479 77
1732723123874 0.6091 78
1732723128111 0.68747 79
1732723133151 0.51694 80
1732723137280 0.81228 81
1732723142229 0.78317 82
1732723146503 0.77956 83
1732723151285 0.5872 84
1732723155686 0.7426 85
1732723160296 0.75766 86
1732723164931 0.80258 87
1732723169303 0.95501 88
1732723174031 0.69729 89
1732723178259 0.47151 90
1732723183369 0.71061 91
1732723187908 0.47232 92
1732723192898 0.54119 93
1732723197212 0.44884 94
1732723202020 0.4366 95
1732723206306 0.68854 96
1732723211004 0.52387 97
1732723215476 0.47672 98
1732723219909 0.56149 99
