1732722773682 2.86811 0
1732722780314 2.6936 1
1732722786213 3.63313 2
1732722790725 2.74016 3
1732722795522 3.08498 4
1732722799845 4.11386 5
1732722804290 1.91273 6
1732722808629 4.01787 7
1732722813265 2.70353 8
1732722818332 3.44766 9
1732722823800 2.46949 10
1732722829427 2.00664 11
1732722833242 2.23883 12
1732722837033 2.18934 13
1732722841471 1.64881 14
1732722845276 2.47952 15
1732722849286 1.78453 16
1732722853256 1.55014 17
1732722858070 1.90479 18
1732722861603 1.53556 19
1732722865258 2.49483 20
1732722869140 2.3397 21
1732722872948 1.82227 22
1732722878148 2.21234 23
1732722883545 1.46826 24
1732722886999 1.86056 25
1732722890633 1.66928 26
1732722894373 1.24238 27
1732722897924 1.52766 28
1732722902363 2.34451 29
1732722906434 1.43246 30
1732722910447 1.26 31
1732722913995 1.31384 32
1732722917479 1.25031 33
1732722921757 2.16554 34
1732722925328 1.48369 35
1732722928805 1.12096 36
1732722932465 0.70837 37
1732722937451 0.9415 38
1732722941288 0.83709 39
1732722945520 0.92772 40
1732722949287 1.8893 41
1732722952976 1.22227 42
1732722956502 0.98589 43
1732722960743 0.92012 44
1732722965624 1.00493 45
1732722969923 1.47069 46
1732722975008 1.62784 47
1732722982266 0.71643 48
1732722987077 0.80918 49
1732722992203 0.83102 50
1732722996406 0.98867 51
1732723001325 0.69594 52
1732723005631 0.91788 53
1732723010730 0.94711 54
1732723014839 1.46641 55
1732723019852 1.4868 56
1732723024199 1.46681 57
1732723028796 0.82325 58
1732723034025 0.78208 59
1732723038584 0.68515 60
1732723043312 0.89728 61
1732723047756 0.82398 62
1732723052579 0.65367 63
1732723056961 0.69963 64
1732723061954 0.91738 65
1732723066028 1.12606 66
1732723071614 1.81891 67
1732723075861 1.08349 68
1732723080632 0.88495 69
1732723085386 1.31682 70
1732723090909 0.64272 71
1732723095355 0.90321 72
1732723100007 0.59121 73
1732723104892 0.55226 74
1732723109657 0.72972 75
1732723114219 0.65459 76
1732723119252 1.0006 77
1732723123874 0.81841 78
1732723128111 0.735 79
1732723133151 0.50397 80
1732723137280 0.68222 81
1732723142229 0.81852 82
1732723146503 0.57413 83
1732723151285 0.73305 84
1732723155686 0.65819 85
1732723160296 0.78311 86
1732723164931 0.89411 87
1732723169303 0.99591 88
1732723174031 0.61827 89
1732723178259 0.53012 90
1732723183369 0.70582 91
1732723187908 0.45825 92
1732723192898 0.44528 93
1732723197212 0.45535 94
1732723202020 0.50982 95
1732723206306 0.61738 96
1732723211004 0.49108 97
1732723215476 0.47476 98
1732723219909 0.5054 99
