1732722773682 1.64246 0
1732722780314 1.511 1
1732722786213 1.57307 2
1732722790725 1.38869 3
1732722795522 1.72642 4
1732722799845 1.96474 5
1732722804290 1.4195 6
1732722808629 1.6139 7
1732722813265 1.41075 8
1732722818332 1.59581 9
1732722823800 1.45298 10
1732722829427 1.36622 11
1732722833242 1.1318 12
1732722837033 1.48417 13
1732722841471 1.12293 14
1732722845276 1.6233 15
1732722849286 1.19123 16
1732722853256 1.36001 17
1732722858070 1.13526 18
1732722861603 1.2105 19
1732722865258 1.71275 20
1732722869140 1.51972 21
1732722872948 1.4726 22
1732722878148 1.53769 23
1732722883545 1.2101 24
1732722886999 1.45051 25
1732722890633 1.3966 26
1732722894373 1.14179 27
1732722897924 1.27209 28
1732722902363 1.59837 29
1732722906434 1.29241 30
1732722910447 1.21259 31
1732722913995 1.35178 32
1732722917479 1.30957 33
1732722921757 1.30414 34
1732722925328 1.2026 35
1732722928805 1.17371 36
1732722932465 0.96955 37
1732722937451 1.01574 38
1732722941288 1.16365 39
1732722945520 1.06553 40
1732722949287 1.28001 41
1732722952976 1.22741 42
1732722956502 1.44877 43
1732722960743 0.99465 44
1732722965624 1.26607 45
1732722969923 1.35559 46
1732722975008 1.1731 47
1732722982266 1.24323 48
1732722987077 1.29347 49
1732722992203 1.15356 50
1732722996406 1.35144 51
1732723001325 1.17573 52
1732723005631 1.23292 53
1732723010730 1.12635 54
1732723014839 1.59942 55
1732723019852 1.36998 56
1732723024199 1.27025 57
1732723028796 1.15611 58
1732723034025 1.54142 59
1732723038584 1.06273 60
1732723043312 1.04823 61
1732723047756 1.14792 62
1732723052579 1.06711 63
1732723056961 1.22233 64
1732723061954 1.08154 65
1732723066028 1.10817 66
1732723071614 1.42028 67
1732723075861 1.11959 68
1732723080632 1.43063 69
1732723085386 1.31557 70
1732723090909 1.07837 71
1732723095355 1.04612 72
1732723100007 1.20659 73
1732723104892 1.13606 74
1732723109657 1.12732 75
1732723114219 1.11176 76
1732723119252 1.187 77
1732723123874 1.10648 78
1732723128111 1.15092 79
1732723133151 0.97355 80
1732723137280 1.14426 81
1732723142229 1.21089 82
1732723146503 1.19658 83
1732723151285 1.12086 84
1732723155686 1.10004 85
1732723160296 1.05607 86
1732723164931 1.38714 87
1732723169303 1.45999 88
1732723174031 1.04427 89
1732723178259 0.89237 90
1732723183369 0.99519 91
1732723187908 0.97957 92
1732723192898 0.88297 93
1732723197212 0.90206 94
1732723202020 0.96011 95
1732723206306 1.04137 96
1732723211004 0.91188 97
1732723215476 0.91131 98
1732723219909 0.99716 99
