1732722773682 0.0 0
1732722780314 1.178219e-06 1
1732722786213 2.332876e-06 2
1732722790725 3.463971e-06 3
1732722795522 4.571504e-06 4
1732722799845 5.655475e-06 5
1732722804290 6.715884000000001e-06 6
1732722808629 7.752731000000001e-06 7
1732722813265 8.766016000000001e-06 8
1732722818332 9.755738999999999e-06 9
1732722823800 1.07219e-05 10
1732722829427 1.1664499e-05 11
1732722833242 1.2583536e-05 12
1732722837033 1.3479011e-05 13
1732722841471 1.4350924e-05 14
1732722845276 1.5199275000000002e-05 15
1732722849286 1.6024064000000003e-05 16
1732722853256 1.6825291000000002e-05 17
1732722858070 1.7602956000000007e-05 18
1732722861603 1.8357059000000002e-05 19
1732722865258 1.90876e-05 20
1732722869140 1.9794579e-05 21
1732722872948 2.0477996000000002e-05 22
1732722878148 2.1137851e-05 23
1732722883545 2.1774144e-05 24
1732722886999 2.2386875e-05 25
1732722890633 2.2976044000000002e-05 26
1732722894373 2.3541651000000005e-05 27
1732722897924 2.4083696000000004e-05 28
1732722902363 2.4602179000000002e-05 29
1732722906434 2.50971e-05 30
1732722910447 2.5568459000000002e-05 31
1732722913995 2.6016256e-05 32
1732722917479 2.6440490999999997e-05 33
1732722921757 2.6841163999999995e-05 34
1732722925328 2.7218274999999998e-05 35
1732722928805 2.7571824e-05 36
1732722932465 2.7901811000000005e-05 37
1732722937451 2.8208236e-05 38
1732722941288 2.8491099e-05 39
1732722945520 2.87504e-05 40
1732722949287 2.8986139000000004e-05 41
1732722952976 2.9198316000000005e-05 42
1732722956502 2.9386931000000006e-05 43
1732722960743 2.9551984000000004e-05 44
1732722965624 2.9693475e-05 45
1732722969923 2.981140400000001e-05 46
1732722975008 2.9905771000000005e-05 47
1732722982266 2.9976576e-05 48
1732722987077 3.0023819e-05 49
1732722992203 3.0047500000000003e-05 50
1732722996406 3.0047619e-05 51
1732723001325 3.0024175999999997e-05 52
1732723005631 2.9977171000000002e-05 53
1732723010730 2.9906604e-05 54
1732723014839 2.9812475e-05 55
1732723019852 2.9694784e-05 56
1732723024199 2.9553531000000002e-05 57
1732723028796 2.9388716000000006e-05 58
1732723034025 2.9200339000000006e-05 59
1732723038584 2.8988400000000002e-05 60
1732723043312 2.8752899e-05 61
1732723047756 2.8493836000000003e-05 62
1732723052579 2.8211211000000005e-05 63
1732723056961 2.7905024e-05 64
1732723061954 2.7575275e-05 65
1732723066028 2.7221964e-05 66
1732723071614 2.6845090999999993e-05 67
1732723075861 2.6444656e-05 68
1732723080632 2.6020659000000008e-05 69
1732723085386 2.5573100000000008e-05 70
1732723090909 2.5101979e-05 71
1732723095355 2.4607296e-05 72
1732723100007 2.4089051000000006e-05 73
1732723104892 2.3547244000000004e-05 74
1732723109657 2.2981875000000003e-05 75
1732723114219 2.2392944e-05 76
1732723119252 2.1780451000000002e-05 77
1732723123874 2.1144395999999996e-05 78
1732723128111 2.0484778999999997e-05 79
1732723133151 1.9801599999999997e-05 80
1732723137280 1.9094858999999993e-05 81
1732723142229 1.836455600000001e-05 82
1732723146503 1.7610691000000006e-05 83
1732723151285 1.6833264000000005e-05 84
1732723155686 1.6032275000000004e-05 85
1732723160296 1.5207724e-05 86
1732723164931 1.4359611e-05 87
1732723169303 1.3487936000000002e-05 88
1732723174031 1.2592698999999998e-05 89
1732723178259 1.1673899999999997e-05 90
1732723183369 1.0731538999999997e-05 91
1732723187908 9.765615999999996e-06 92
1732723192898 8.776130999999994e-06 93
1732723197212 7.763084000000007e-06 94
1732723202020 6.726475000000006e-06 95
1732723206306 5.666304000000005e-06 96
1732723211004 4.582571000000003e-06 97
1732723215476 3.4752760000000023e-06 98
1732723219909 2.344419000000001e-06 99
