1732802774680 1.33456 0
1732802781475 1.20404 1
1732802787252 1.16003 2
1732802792174 1.27732 3
1732802797157 1.37197 4
1732802802761 1.56155 5
1732802808543 1.13979 6
1732802813597 1.37521 7
1732802818779 1.11606 8
1732802823647 1.18718 9
1732802828579 1.20778 10
1732802833696 0.99169 11
1732802838576 0.87069 12
1732802843467 1.08371 13
1732802848738 0.92895 14
1732802853919 1.2228 15
1732802858838 0.84422 16
1732802863756 1.15555 17
1732802868995 0.97781 18
1732802874065 0.89621 19
1732802879191 1.29017 20
1732802884192 1.08401 21
1732802889711 1.05957 22
1732802895175 1.12309 23
1732802900389 0.83384 24
1732802905055 1.15577 25
1732802909983 0.9166 26
1732802915103 0.80305 27
1732802920382 0.99784 28
1732802925319 1.26557 29
1732802930224 0.97673 30
1732802935364 0.81117 31
1732802940301 0.78883 32
1732802945476 1.05625 33
1732802950567 0.88838 34
1732802955784 0.96604 35
1732802960722 0.78315 36
1732802965532 0.45923 37
1732802970810 0.63582 38
1732802975822 0.79593 39
1732802981081 0.76261 40
1732802986033 0.88382 41
1732802991309 0.84624 42
1732802996605 1.07346 43
1732803001643 0.61346 44
1732803006632 0.82328 45
1732803011652 0.87779 46
1732803016654 0.78713 47
1732803021588 0.67003 48
1732803026881 0.79521 49
1732803031825 0.85479 50
1732803036740 0.98553 51
1732803041741 0.64616 52
1732803046671 0.78855 53
1732803052142 0.80857 54
1732803056898 1.12816 55
1732803061890 0.9352 56
1732803066789 0.86872 57
1732803071656 0.78677 58
1732803077188 0.99235 59
1732803082135 0.63315 60
1732803087434 0.70584 61
1732803092427 0.76252 62
1732803097492 0.62877 63
1732803102435 0.66944 64
1732803107513 0.6862 65
1732803112395 0.74023 66
1732803117372 1.05803 67
1732803122743 0.62887 68
1732803127748 0.98563 69
1732803133504 0.95079 70
1732803138513 0.59616 71
1732803143413 0.68698 72
1732803148250 0.72758 73
1732803153147 0.72619 74
1732803158281 0.63475 75
1732803163299 0.67727 76
1732803168529 0.87479 77
1732803173261 0.6091 78
1732803178544 0.68747 79
1732803183726 0.51694 80
1732803189534 0.81228 81
1732803195461 0.78317 82
1732803200476 0.77956 83
1732803205207 0.5872 84
1732803210365 0.7426 85
1732803215597 0.75766 86
1732803220601 0.80258 87
1732803225591 0.95501 88
1732803230464 0.69729 89
1732803235796 0.47151 90
1732803240795 0.71061 91
1732803246115 0.47232 92
1732803251211 0.54119 93
1732803256578 0.44884 94
1732803261761 0.4366 95
1732803266724 0.68854 96
1732803271723 0.52387 97
1732803276610 0.47672 98
1732803282041 0.56149 99
