1732802774680 2.86811 0
1732802781475 2.6936 1
1732802787252 3.63313 2
1732802792174 2.74016 3
1732802797157 3.08498 4
1732802802761 4.11386 5
1732802808543 1.91273 6
1732802813597 4.01787 7
1732802818779 2.70353 8
1732802823647 3.44766 9
1732802828579 2.46949 10
1732802833696 2.00664 11
1732802838576 2.23883 12
1732802843467 2.18934 13
1732802848738 1.64881 14
1732802853919 2.47952 15
1732802858838 1.78453 16
1732802863756 1.55014 17
1732802868995 1.90479 18
1732802874065 1.53556 19
1732802879191 2.49483 20
1732802884192 2.3397 21
1732802889711 1.82227 22
1732802895175 2.21234 23
1732802900389 1.46826 24
1732802905055 1.86056 25
1732802909983 1.66928 26
1732802915103 1.24238 27
1732802920382 1.52766 28
1732802925319 2.34451 29
1732802930224 1.43246 30
1732802935364 1.26 31
1732802940301 1.31384 32
1732802945476 1.25031 33
1732802950567 2.16554 34
1732802955784 1.48369 35
1732802960722 1.12096 36
1732802965532 0.70837 37
1732802970810 0.9415 38
1732802975822 0.83709 39
1732802981081 0.92772 40
1732802986033 1.8893 41
1732802991309 1.22227 42
1732802996605 0.98589 43
1732803001643 0.92012 44
1732803006632 1.00493 45
1732803011652 1.47069 46
1732803016654 1.62784 47
1732803021588 0.71643 48
1732803026881 0.80918 49
1732803031825 0.83102 50
1732803036740 0.98867 51
1732803041741 0.69594 52
1732803046671 0.91788 53
1732803052142 0.94711 54
1732803056898 1.46641 55
1732803061890 1.4868 56
1732803066789 1.46681 57
1732803071656 0.82325 58
1732803077188 0.78208 59
1732803082135 0.68515 60
1732803087434 0.89728 61
1732803092427 0.82398 62
1732803097492 0.65367 63
1732803102435 0.69963 64
1732803107513 0.91738 65
1732803112395 1.12606 66
1732803117372 1.81891 67
1732803122743 1.08349 68
1732803127748 0.88495 69
1732803133504 1.31682 70
1732803138513 0.64272 71
1732803143413 0.90321 72
1732803148250 0.59121 73
1732803153147 0.55226 74
1732803158281 0.72972 75
1732803163299 0.65459 76
1732803168529 1.0006 77
1732803173261 0.81841 78
1732803178544 0.735 79
1732803183726 0.50397 80
1732803189534 0.68222 81
1732803195461 0.81852 82
1732803200476 0.57413 83
1732803205207 0.73305 84
1732803210365 0.65819 85
1732803215597 0.78311 86
1732803220601 0.89411 87
1732803225591 0.99591 88
1732803230464 0.61827 89
1732803235796 0.53012 90
1732803240795 0.70582 91
1732803246115 0.45825 92
1732803251211 0.44528 93
1732803256578 0.45535 94
1732803261761 0.50982 95
1732803266724 0.61738 96
1732803271723 0.49108 97
1732803276610 0.47476 98
1732803282041 0.5054 99
