1732802774680 1.64246 0
1732802781475 1.511 1
1732802787252 1.57307 2
1732802792174 1.38869 3
1732802797157 1.72642 4
1732802802761 1.96474 5
1732802808543 1.4195 6
1732802813597 1.6139 7
1732802818779 1.41075 8
1732802823647 1.59581 9
1732802828579 1.45298 10
1732802833696 1.36622 11
1732802838576 1.1318 12
1732802843467 1.48417 13
1732802848738 1.12293 14
1732802853919 1.6233 15
1732802858838 1.19123 16
1732802863756 1.36001 17
1732802868995 1.13526 18
1732802874065 1.2105 19
1732802879191 1.71275 20
1732802884192 1.51972 21
1732802889711 1.4726 22
1732802895175 1.53769 23
1732802900389 1.2101 24
1732802905055 1.45051 25
1732802909983 1.3966 26
1732802915103 1.14179 27
1732802920382 1.27209 28
1732802925319 1.59837 29
1732802930224 1.29241 30
1732802935364 1.21259 31
1732802940301 1.35178 32
1732802945476 1.30957 33
1732802950567 1.30414 34
1732802955784 1.2026 35
1732802960722 1.17371 36
1732802965532 0.96955 37
1732802970810 1.01574 38
1732802975822 1.16365 39
1732802981081 1.06553 40
1732802986033 1.28001 41
1732802991309 1.22741 42
1732802996605 1.44877 43
1732803001643 0.99465 44
1732803006632 1.26607 45
1732803011652 1.35559 46
1732803016654 1.1731 47
1732803021588 1.24323 48
1732803026881 1.29347 49
1732803031825 1.15356 50
1732803036740 1.35144 51
1732803041741 1.17573 52
1732803046671 1.23292 53
1732803052142 1.12635 54
1732803056898 1.59942 55
1732803061890 1.36998 56
1732803066789 1.27025 57
1732803071656 1.15611 58
1732803077188 1.54142 59
1732803082135 1.06273 60
1732803087434 1.04823 61
1732803092427 1.14792 62
1732803097492 1.06711 63
1732803102435 1.22233 64
1732803107513 1.08154 65
1732803112395 1.10817 66
1732803117372 1.42028 67
1732803122743 1.11959 68
1732803127748 1.43063 69
1732803133504 1.31557 70
1732803138513 1.07837 71
1732803143413 1.04612 72
1732803148250 1.20659 73
1732803153147 1.13606 74
1732803158281 1.12732 75
1732803163299 1.11176 76
1732803168529 1.187 77
1732803173261 1.10648 78
1732803178544 1.15092 79
1732803183726 0.97355 80
1732803189534 1.14426 81
1732803195461 1.21089 82
1732803200476 1.19658 83
1732803205207 1.12086 84
1732803210365 1.10004 85
1732803215597 1.05607 86
1732803220601 1.38714 87
1732803225591 1.45999 88
1732803230464 1.04427 89
1732803235796 0.89237 90
1732803240795 0.99519 91
1732803246115 0.97957 92
1732803251211 0.88297 93
1732803256578 0.90206 94
1732803261761 0.96011 95
1732803266724 1.04137 96
1732803271723 0.91188 97
1732803276610 0.91131 98
1732803282041 0.99716 99
